2021-01-04 04:00:00,133.31,133.77,133.02,133.72,28114
2021-01-04 04:05:00,133.71,133.98,133.71,133.98,7393
2021-01-04 04:10:00,133.98,134.0,133.74,133.74,5404
2021-01-04 04:15:00,133.98,134.01,133.94,133.95,23026
2021-01-04 04:20:00,133.9,133.95,133.83,133.83,1275
2021-01-04 04:25:00,133.89,134.0,133.88,134.0,2345
2021-01-04 04:30:00,134.0,134.0,133.91,133.91,2677
2021-01-04 04:35:00,133.96,133.96,133.9,133.9,1157
2021-01-04 04:40:00,133.9,133.9,133.55,133.85,2659
2021-01-04 04:45:00,133.86,133.86,133.5,133.58,7809
2021-01-04 04:50:00,133.6,133.6,133.5,133.6,4028
2021-01-04 04:55:00,133.58,133.6,133.58,133.6,2074
2021-01-04 05:00:00,133.6,133.95,133.6,133.9,20753
2021-01-04 05:05:00,133.8,133.86,133.8,133.81,2183
2021-01-04 05:10:00,133.69,133.69,133.6,133.6,8347
2021-01-04 05:15:00,133.68,133.68,133.53,133.54,5319
2021-01-04 05:20:00,133.5,133.54,133.43,133.53,2814
2021-01-04 05:25:00,133.54,133.55,133.53,133.53,8296
2021-01-04 05:30:00,133.59,133.8,133.59,133.8,2456
2021-01-04 05:35:00,133.77,134.29,133.77,134.23,34792
2021-01-04 05:40:00,134.15,134.43,134.05,134.31,17631
2021-01-04 05:45:00,134.31,134.41,134.24,134.41,7949
2021-01-04 05:50:00,134.4,134.4,134.24,134.27,32037
2021-01-04 05:55:00,134.29,134.42,134.29,134.3,5351
2021-01-04 06:00:00,134.22,134.32,134.17,134.3,3903
2021-01-04 06:05:00,134.3,134.35,134.3,134.35,2115
2021-01-04 06:10:00,134.25,134.35,134.22,134.22,1282
2021-01-04 06:15:00,134.2,134.2,134.08,134.16,1450
2021-01-04 06:20:00,134.15,134.15,134.05,134.05,545
2021-01-04 06:25:00,134.1,134.1,134.1,134.1,531
2021-01-04 06:30:00,134.19,134.35,134.19,134.35,3978
2021-01-04 06:35:00,134.34,134.34,134.25,134.25,1986
2021-01-04 06:40:00,134.2,134.2,134.15,134.15,782
2021-01-04 06:45:00,134.19,134.19,134.1,134.1,1175
2021-01-04 06:50:00,134.11,134.19,134.1,134.17,4300
2021-01-04 06:55:00,134.15,134.17,133.6,133.99,10896
2021-01-04 07:00:00,133.92,134.0,133.65,133.8,76620
2021-01-04 07:05:00,133.73,133.79,133.7,133.75,58889
2021-01-04 07:10:00,133.74,133.77,133.69,133.75,56330
2021-01-04 07:15:00,133.75,133.75,133.54,133.72,56659
2021-01-04 07:20:00,133.7,133.75,133.65,133.7,16049
2021-01-04 07:25:00,133.7,133.76,133.66,133.74,18339
2021-01-04 07:30:00,133.75,133.98,133.75,133.96,35077
2021-01-04 07:35:00,133.97,133.98,133.85,133.9,39808
2021-01-04 07:40:00,133.9,133.96,133.85,133.85,11085
2021-01-04 07:45:00,133.86,133.9,133.75,133.86,18611
2021-01-04 07:50:00,133.86,133.97,133.86,133.92,22518
2021-01-04 07:55:00,133.91,133.96,133.9,133.95,14269
2021-01-04 08:00:00,133.93,133.99,133.53,133.87,153500
2021-01-04 08:05:00,133.89,134.1,133.89,134.03,116528
2021-01-04 08:10:00,134.05,134.05,133.97,134.02,14419
2021-01-04 08:15:00,134.01,134.04,133.95,133.95,23175
2021-01-04 08:20:00,133.96,133.97,133.85,133.87,17664
2021-01-04 08:25:00,133.86,133.93,133.76,133.8,34008
2021-01-04 08:30:00,133.79,133.82,133.71,133.79,23121
2021-01-04 08:35:00,133.79,133.87,133.77,133.83,22559
2021-01-04 08:40:00,133.83,133.9,133.8,133.86,31540
2021-01-04 08:45:00,133.86,133.87,133.75,133.77,18929
2021-01-04 08:50:00,133.78,133.81,133.75,133.76,13793
2021-01-04 08:55:00,133.76,133.83,133.73,133.83,40295
2021-01-04 09:00:00,133.83,133.87,133.76,133.76,33985
2021-01-04 09:05:00,133.75,133.75,133.51,133.55,54586
2021-01-04 09:10:00,133.57,133.6,133.52,133.53,47739
2021-01-04 09:15:00,133.53,133.54,133.35,133.47,78609
2021-01-04 09:20:00,133.42,133.65,133.42,133.59,41119
2021-01-04 09:25:00,133.6,133.64,133.52,133.52,31459
2021-01-04 09:30:00,133.52,133.612,132.39,132.81,4408776
2021-01-04 09:35:00,132.83,132.89,131.81,131.89,2225626
2021-01-04 09:40:00,131.9,132.34,131.45,132.06,2195988
2021-01-04 09:45:00,132.069,132.3,131.86,132.25,1596687
2021-01-04 09:50:00,132.24,132.24,131.52,131.59,1489469
2021-01-04 09:55:00,131.585,132.09,131.294,131.449,1584650
2021-01-04 10:00:00,131.45,131.67,131.07,131.115,1599135
2021-01-04 10:05:00,131.115,131.48,130.795,130.875,1660422
2021-01-04 10:10:00,130.87,131.09,130.38,130.51,1989859
2021-01-04 10:15:00,130.5,130.96,130.47,130.89,1339651
2021-01-04 10:20:00,130.887,131.11,130.84,130.936,1245595
2021-01-04 10:25:00,130.93,131.15,130.79,131.054,1039544
2021-01-04 10:30:00,131.055,131.24,130.6,130.684,1275515
2021-01-04 10:35:00,130.681,131.14,130.56,131.111,974012
2021-01-04 10:40:00,131.11,131.31,131.03,131.044,1092605
2021-01-04 10:45:00,131.04,131.04,130.48,130.75,1416051
2021-01-04 10:50:00,130.75,130.83,130.45,130.71,1638258
2021-01-04 10:55:00,130.7,131.25,130.7,130.968,1390221
2021-01-04 11:00:00,130.97,131.31,130.16,130.31,1657741
2021-01-04 11:05:00,130.31,130.55,129.66,129.867,2393247
2021-01-04 11:10:00,129.86,130.24,129.4,130.09,1903229
2021-01-04 11:15:00,130.08,130.355,129.905,130.324,1154324
2021-01-04 11:20:00,130.32,130.42,129.93,129.996,1048275
2021-01-04 11:25:00,129.995,130.207,129.88,129.883,970453
2021-01-04 11:30:00,129.89,130.09,129.62,129.91,1141005
2021-01-04 11:35:00,129.915,129.93,129.6,129.69,871129
2021-01-04 11:40:00,129.68,129.68,129.27,129.39,1467866
2021-01-04 11:45:00,129.4,129.585,129.329,129.413,1024908
2021-01-04 11:50:00,129.41,129.53,129.11,129.149,1245564
2021-01-04 11:55:00,129.13,129.18,128.79,128.82,2022288
2021-01-04 12:00:00,128.81,128.919,128.4,128.597,1978500
2021-01-04 12:05:00,128.58,128.8,128.21,128.222,1551677
2021-01-04 12:10:00,128.23,128.32,127.1,127.41,2975211
2021-01-04 12:15:00,127.41,128.03,126.76,128.005,2420039
2021-01-04 12:20:00,128.001,128.4,127.75,128.29,1679427
2021-01-04 12:25:00,128.29,128.32,127.89,128.25,1113071
2021-01-04 12:30:00,128.247,128.31,127.91,128.12,1128376
2021-01-04 12:35:00,128.125,128.21,127.89,127.95,838955
2021-01-04 12:40:00,127.955,128.02,127.72,127.985,1038520
2021-01-04 12:45:00,127.98,127.985,127.65,127.71,765441
2021-01-04 12:50:00,127.71,128.29,127.63,128.23,1000871
2021-01-04 12:55:00,128.225,128.595,128.17,128.42,1156194
2021-01-04 13:00:00,128.41,128.6,128.256,128.32,1089119
2021-01-04 13:05:00,128.33,128.57,128.05,128.565,1225283
2021-01-04 13:10:00,128.56,128.89,128.511,128.78,1091580
2021-01-04 13:15:00,128.775,128.89,128.62,128.75,1089469
2021-01-04 13:20:00,128.756,129.07,128.72,129.05,1019232
2021-01-04 13:25:00,129.045,129.11,128.901,129.04,856652
2021-01-04 13:30:00,129.04,129.06,128.595,128.653,827977
2021-01-04 13:35:00,128.655,128.98,128.64,128.808,790018
2021-01-04 13:40:00,128.82,129.01,128.8,128.87,640175
2021-01-04 13:45:00,128.9,128.95,128.82,128.947,453225
2021-01-04 13:50:00,128.945,129.184,128.835,129.17,700140
2021-01-04 13:55:00,129.18,129.2,129.0,129.178,640007
2021-01-04 14:00:00,129.17,129.2,128.96,129.09,885258
2021-01-04 14:05:00,129.09,129.14,128.72,128.765,934904
2021-01-04 14:10:00,128.76,128.99,128.62,128.92,959203
2021-01-04 14:15:00,128.917,129.18,128.85,129.05,817396
2021-01-04 14:20:00,129.04,129.18,128.85,129.11,911916
2021-01-04 14:25:00,129.11,129.11,128.83,128.96,728813
2021-01-04 14:30:00,128.96,128.98,128.79,128.87,637312
2021-01-04 14:35:00,128.86,129.18,128.86,129.059,1115160
2021-01-04 14:40:00,129.05,129.14,129.0,129.05,787980
2021-01-04 14:45:00,129.04,129.155,128.99,129.01,965550
2021-01-04 14:50:00,129.001,129.011,128.64,128.725,1085388
2021-01-04 14:55:00,128.72,129.579,128.665,129.492,1263197
2021-01-04 15:00:00,129.48,129.58,129.14,129.17,1074631
2021-01-04 15:05:00,129.175,129.49,129.15,129.221,994757
2021-01-04 15:10:00,129.23,129.35,129.03,129.209,992126
2021-01-04 15:15:00,129.205,129.23,128.83,128.935,876392
2021-01-04 15:20:00,128.94,129.089,128.81,128.99,838838
2021-01-04 15:25:00,128.99,129.1,128.85,129.07,698761
2021-01-04 15:30:00,129.06,129.1,128.76,129.08,1054351
2021-01-04 15:35:00,129.08,129.42,129.03,129.36,1162770
2021-01-04 15:40:00,129.366,129.366,129.13,129.28,1064061
2021-01-04 15:45:00,129.28,129.44,129.26,129.425,1018127
2021-01-04 15:50:00,129.435,129.74,129.37,129.45,2666560
2021-01-04 15:55:00,129.45,129.65,129.12,129.41,3993667
2021-01-04 16:00:00,129.41,129.69,129.35,129.4,17412201
2021-01-04 16:05:00,129.4,129.436,129.31,129.31,50535
2021-01-04 16:10:00,129.3,129.36,129.19,129.21,23000
2021-01-04 16:15:00,129.24,129.41,129.16,129.28,72263
2021-01-04 16:20:00,129.26,129.4,129.25,129.36,34815
2021-01-04 16:25:00,129.34,129.41,129.32,129.35,38457
2021-01-04 16:30:00,129.34,129.41,129.34,129.37,24753
2021-01-04 16:35:00,129.36,129.41,129.36,129.36,5040
2021-01-04 16:40:00,129.36,129.4,129.34,129.36,13620
2021-01-04 16:45:00,129.4,129.45,129.37,129.45,24465
2021-01-04 16:50:00,129.42,129.43,129.39,129.42,6142
2021-01-04 16:55:00,129.43,129.43,129.37,129.37,8377
2021-01-04 17:00:00,129.39,129.39,129.35,129.37,9428
2021-01-04 17:05:00,129.37,129.4,129.37,129.4,7377
2021-01-04 17:10:00,129.37,129.38,129.3,129.31,12289
2021-01-04 17:15:00,129.3,129.33,129.27,129.3,7860
2021-01-04 17:20:00,129.3,129.3,129.26,129.26,3364
2021-01-04 17:25:00,129.27,129.29,129.27,129.28,6525
2021-01-04 17:30:00,129.28,129.7,129.26,129.6,56508
2021-01-04 17:35:00,129.5,129.54,129.29,129.39,8897
2021-01-04 17:40:00,129.37,129.4,129.3,129.37,4569
2021-01-04 17:45:00,129.38,129.39,129.32,129.32,7929
2021-01-04 17:50:00,129.38,129.4,129.34,129.37,8113
2021-01-04 17:55:00,129.38,129.38,129.33,129.33,1420
2021-01-04 18:00:00,129.37,129.37,129.16,129.16,35553
2021-01-04 18:05:00,129.15,129.28,129.15,129.28,5029
2021-01-04 18:10:00,129.27,129.3,129.15,129.3,22531
2021-01-04 18:15:00,129.3,129.38,129.27,129.27,10347
2021-01-04 18:20:00,129.28,129.3,129.2,129.29,6751
2021-01-04 18:25:00,129.32,129.35,129.25,129.25,6120
2021-01-04 18:30:00,129.3,129.33,129.22,129.3,12863
2021-01-04 18:35:00,129.25,129.3,129.23,129.25,4471
2021-01-04 18:40:00,129.26,129.3,129.26,129.3,8075
2021-01-04 18:45:00,129.26,129.29,129.26,129.26,6162
2021-01-04 18:50:00,129.26,129.28,129.26,129.28,2220
2021-01-04 18:55:00,129.29,129.29,129.22,129.24,2593
2021-01-04 19:00:00,129.25,129.3,129.24,129.3,6009
2021-01-04 19:05:00,129.3,129.3,129.25,129.26,2312
2021-01-04 19:10:00,129.29,129.36,129.22,129.25,10350
2021-01-04 19:15:00,129.25,129.28,129.23,129.26,5475
2021-01-04 19:20:00,129.25,129.26,129.2,129.2,5298
2021-01-04 19:25:00,129.19,129.26,129.14,129.24,5329
2021-01-04 19:30:00,129.24,129.28,129.15,129.18,6815
2021-01-04 19:35:00,129.16,129.16,129.11,129.11,2360
2021-01-04 19:40:00,129.11,129.2,129.11,129.16,7307
2021-01-04 19:45:00,129.22,129.25,129.14,129.2,9362
2021-01-04 19:50:00,129.2,129.31,129.2,129.28,12355
2021-01-04 19:55:00,129.32,129.41,129.3,129.39,13432
2021-01-05 04:00:00,130.07,130.07,129.68,129.85,7791
2021-01-05 04:05:00,129.8,129.96,129.8,129.87,4086
2021-01-05 04:10:00,129.9,129.9,129.75,129.84,6024
2021-01-05 04:15:00,129.89,129.95,129.85,129.95,852
2021-01-05 04:20:00,129.95,129.95,129.76,129.76,2890
2021-01-05 04:25:00,129.75,129.8,129.75,129.8,4831
2021-01-05 04:30:00,129.83,129.85,129.81,129.85,1045
2021-01-05 04:35:00,129.89,130.08,129.89,130.08,4257
2021-01-05 04:40:00,130.08,130.2,130.07,130.2,1703
2021-01-05 04:45:00,130.11,130.11,130.09,130.09,300
2021-01-05 04:50:00,130.08,130.2,130.08,130.1,3489
2021-01-05 04:55:00,130.2,130.2,129.75,130.02,8442
2021-01-05 05:00:00,130.18,130.23,130.09,130.23,3728
2021-01-05 05:05:00,130.24,130.24,130.23,130.23,525
2021-01-05 05:10:00,130.26,130.26,130.23,130.23,822
2021-01-05 05:15:00,130.22,130.22,130.12,130.12,1270
2021-01-05 05:20:00,130.15,130.18,130.15,130.16,3042
2021-01-05 05:25:00,130.11,130.11,130.11,130.11,325
2021-01-05 05:30:00,130.09,130.1,130.04,130.04,1615
2021-01-05 05:35:00,130.0,130.05,130.0,130.05,1176
2021-01-05 05:40:00,130.09,130.09,130.07,130.08,2980
2021-01-05 05:45:00,130.08,130.09,130.0,130.0,2812
2021-01-05 05:50:00,130.0,130.0,129.97,130.0,1660
2021-01-05 05:55:00,130.0,130.2,130.0,130.2,9208
2021-01-05 06:00:00,130.2,130.27,130.1,130.27,4317
2021-01-05 06:05:00,130.25,130.26,130.25,130.26,300
2021-01-05 06:10:00,130.27,130.27,130.22,130.23,1455
2021-01-05 06:15:00,130.25,130.27,130.2,130.2,844
2021-01-05 06:20:00,130.25,130.25,130.25,130.25,1751
2021-01-05 06:25:00,130.22,130.27,130.22,130.25,600
2021-01-05 06:30:00,130.25,130.3,130.0,130.0,14933
2021-01-05 06:35:00,130.0,130.0,129.75,129.86,968
2021-01-05 06:40:00,129.9,129.9,129.75,129.75,6769
2021-01-05 06:45:00,129.75,129.77,129.74,129.77,7916
2021-01-05 06:50:00,129.82,129.93,129.82,129.92,8889
2021-01-05 06:55:00,129.86,129.88,129.5,129.56,6654
2021-01-05 07:00:00,129.69,129.8,129.46,129.5,35052
2021-01-05 07:05:00,129.52,129.55,129.01,129.02,44485
2021-01-05 07:10:00,129.08,129.24,129.08,129.23,19895
2021-01-05 07:15:00,129.23,129.23,129.15,129.2,13088
2021-01-05 07:20:00,129.16,129.23,128.99,129.14,26368
2021-01-05 07:25:00,129.179,129.18,128.97,128.97,15886
2021-01-05 07:30:00,128.97,129.07,128.85,128.93,49657
2021-01-05 07:35:00,128.94,129.15,128.91,129.03,22585
2021-01-05 07:40:00,128.94,129.06,128.91,129.06,23541
2021-01-05 07:45:00,129.05,129.4,129.02,129.35,70684
2021-01-05 07:50:00,129.37,129.57,129.36,129.55,43229
2021-01-05 07:55:00,129.51,129.53,129.41,129.45,23780
2021-01-05 08:00:00,129.53,129.83,128.86,129.31,176557
2021-01-05 08:05:00,129.31,129.34,129.15,129.26,26498
2021-01-05 08:10:00,129.26,129.27,129.01,129.1,29392
2021-01-05 08:15:00,129.09,129.14,128.92,128.95,50050
2021-01-05 08:20:00,128.95,128.95,128.65,128.7,49942
2021-01-05 08:25:00,128.74,128.88,128.5,128.69,58309
2021-01-05 08:30:00,128.69,128.82,128.57,128.58,51154
2021-01-05 08:35:00,128.56,128.87,128.56,128.8,42982
2021-01-05 08:40:00,128.79,128.87,128.6,128.67,32873
2021-01-05 08:45:00,128.68,128.74,128.52,128.52,28282
2021-01-05 08:50:00,128.55,128.76,128.38,128.7,59964
2021-01-05 08:55:00,128.71,128.72,128.35,128.4,59405
2021-01-05 09:00:00,128.4,128.57,128.31,128.49,63993
2021-01-05 09:05:00,128.49,128.57,128.4,128.54,30505
2021-01-05 09:10:00,128.54,128.81,128.51,128.75,61016
2021-01-05 09:15:00,128.75,128.88,128.57,128.77,49608
2021-01-05 09:20:00,128.77,128.83,128.68,128.68,34779
2021-01-05 09:25:00,128.69,128.88,128.68,128.88,32110
2021-01-05 09:30:00,128.88,130.59,128.43,130.49,4580136
2021-01-05 09:35:00,130.487,130.81,130.472,130.705,2179139
2021-01-05 09:40:00,130.71,131.29,130.71,131.29,2220655
2021-01-05 09:45:00,131.281,131.3,130.76,130.82,1600368
2021-01-05 09:50:00,130.84,131.44,130.791,131.422,1618762
2021-01-05 09:55:00,131.423,131.48,130.99,131.31,1432719
2021-01-05 10:00:00,131.32,131.41,130.92,131.19,1344792
2021-01-05 10:05:00,131.2,131.57,131.05,131.43,1730004
2021-01-05 10:10:00,131.435,131.74,131.35,131.489,1319419
2021-01-05 10:15:00,131.49,131.711,130.76,130.82,1629944
2021-01-05 10:20:00,130.816,131.17,130.7,131.085,1577209
2021-01-05 10:25:00,131.085,131.32,131.04,131.052,1034576
2021-01-05 10:30:00,131.07,131.24,130.78,131.118,1078393
2021-01-05 10:35:00,131.12,131.419,131.05,131.27,1066137
2021-01-05 10:40:00,131.27,131.37,130.86,130.93,822160
2021-01-05 10:45:00,130.943,131.18,130.89,131.011,868954
2021-01-05 10:50:00,131.019,131.2,130.84,131.162,980230
2021-01-05 10:55:00,131.17,131.18,130.431,130.52,1028786
2021-01-05 11:00:00,130.535,130.69,130.42,130.62,843282
2021-01-05 11:05:00,130.627,130.66,130.18,130.256,1065127
2021-01-05 11:10:00,130.256,130.4,130.11,130.34,953921
2021-01-05 11:15:00,130.335,130.335,129.93,130.125,1252193
2021-01-05 11:20:00,130.12,130.2,130.01,130.09,762532
2021-01-05 11:25:00,130.095,130.46,130.03,130.38,1054194
2021-01-05 11:30:00,130.375,130.43,130.31,130.38,774573
2021-01-05 11:35:00,130.383,130.68,130.32,130.465,938842
2021-01-05 11:40:00,130.47,130.5,130.23,130.287,688497
2021-01-05 11:45:00,130.29,130.54,130.2,130.41,872886
2021-01-05 11:50:00,130.417,130.49,130.32,130.42,590005
2021-01-05 11:55:00,130.42,130.43,130.21,130.29,612304
2021-01-05 12:00:00,130.29,130.302,129.95,130.123,839062
2021-01-05 12:05:00,130.13,130.3,130.03,130.11,651832
2021-01-05 12:10:00,130.11,130.19,129.98,130.16,530959
2021-01-05 12:15:00,130.155,130.21,129.84,130.11,1153098
2021-01-05 12:20:00,130.11,130.27,130.04,130.195,789599
2021-01-05 12:25:00,130.195,130.24,130.06,130.15,517742
2021-01-05 12:30:00,130.145,130.34,130.102,130.21,517766
2021-01-05 12:35:00,130.205,130.34,130.14,130.305,524615
2021-01-05 12:40:00,130.305,130.34,130.11,130.137,488930
2021-01-05 12:45:00,130.14,130.16,129.97,129.972,561045
2021-01-05 12:50:00,129.97,130.04,129.85,129.975,601300
2021-01-05 12:55:00,129.978,130.17,129.964,130.145,467316
2021-01-05 13:00:00,130.15,130.24,130.12,130.16,401195
2021-01-05 13:05:00,130.15,130.21,130.05,130.075,331311
2021-01-05 13:10:00,130.075,130.13,130.03,130.095,364043
2021-01-05 13:15:00,130.1,130.15,130.05,130.079,369805
2021-01-05 13:20:00,130.077,130.115,130.015,130.037,312947
2021-01-05 13:25:00,130.03,130.05,129.94,130.045,391413
2021-01-05 13:30:00,130.041,130.29,130.04,130.265,543465
2021-01-05 13:35:00,130.26,130.45,130.26,130.34,549375
2021-01-05 13:40:00,130.337,130.41,130.29,130.39,515452
2021-01-05 13:45:00,130.39,130.53,130.39,130.523,608131
2021-01-05 13:50:00,130.53,130.629,130.47,130.51,983341
2021-01-05 13:55:00,130.51,130.63,130.48,130.625,439260
2021-01-05 14:00:00,130.63,131.08,130.595,131.005,1151337
2021-01-05 14:05:00,131.0,131.15,130.93,131.081,749880
2021-01-05 14:10:00,131.083,131.18,131.03,131.13,668785
2021-01-05 14:15:00,131.125,131.24,131.05,131.23,842434
2021-01-05 14:20:00,131.222,131.25,131.06,131.125,712340
2021-01-05 14:25:00,131.135,131.185,131.03,131.11,727105
2021-01-05 14:30:00,131.11,131.38,131.11,131.335,770323
2021-01-05 14:35:00,131.34,131.405,131.205,131.275,559052
2021-01-05 14:40:00,131.28,131.35,131.188,131.295,699005
2021-01-05 14:45:00,131.3,131.33,131.17,131.24,584900
2021-01-05 14:50:00,131.235,131.27,130.9,130.925,715145
2021-01-05 14:55:00,130.925,130.99,130.85,130.95,630075
2021-01-05 15:00:00,130.96,131.118,130.86,131.109,733108
2021-01-05 15:05:00,131.105,131.27,131.09,131.22,679612
2021-01-05 15:10:00,131.22,131.24,131.05,131.05,523195
2021-01-05 15:15:00,131.055,131.11,130.98,131.11,489348
2021-01-05 15:20:00,131.111,131.158,130.94,130.965,688786
2021-01-05 15:25:00,130.965,130.98,130.815,130.83,588520
2021-01-05 15:30:00,130.833,130.96,130.79,130.92,654289
2021-01-05 15:35:00,130.91,131.09,130.9,130.905,857210
2021-01-05 15:40:00,130.91,131.1,130.76,131.08,1031963
2021-01-05 15:45:00,131.08,131.35,131.0,131.33,1304414
2021-01-05 15:50:00,131.34,131.45,130.97,131.04,1800411
2021-01-05 15:55:00,131.04,131.15,130.84,130.95,2186923
2021-01-05 16:00:00,131.01,131.32,130.84,131.09,8780737
2021-01-05 16:05:00,131.08,131.09,130.95,130.97,35995
2021-01-05 16:10:00,130.965,131.01,130.95,130.98,20871
2021-01-05 16:15:00,130.94,130.99,130.91,130.95,9354
2021-01-05 16:20:00,130.95,130.95,130.82,130.82,10917
2021-01-05 16:25:00,130.88,131.01,130.82,130.83,1386434
2021-01-05 16:30:00,130.83,130.89,130.81,130.86,16538
2021-01-05 16:35:00,130.82,130.97,130.82,130.95,13333
2021-01-05 16:40:00,130.95,131.01,130.91,130.91,19897
2021-01-05 16:45:00,130.94,130.98,130.9,130.9,7452
2021-01-05 16:50:00,130.93,130.99,130.91,130.91,6129
2021-01-05 16:55:00,130.96,130.96,130.9,130.93,8365
2021-01-05 17:00:00,130.93,130.93,130.89,130.93,3392
2021-01-05 17:05:00,130.9,130.92,130.9,130.91,4766
2021-01-05 17:10:00,130.9,130.93,130.9,130.91,14820
2021-01-05 17:15:00,130.91,130.93,130.91,130.93,5200
2021-01-05 17:20:00,130.91,130.93,130.9,130.91,4549
2021-01-05 17:25:00,130.9,130.92,130.89,130.9,10688
2021-01-05 17:30:00,130.9,130.91,130.89,130.895,6434
2021-01-05 17:35:00,130.91,130.91,130.87,130.87,2851
2021-01-05 17:40:00,130.87,130.89,130.85,130.89,4211
2021-01-05 17:45:00,130.85,130.92,130.85,130.88,5025
2021-01-05 17:50:00,130.88,130.91,130.86,130.91,2621
2021-01-05 17:55:00,130.88,130.92,130.88,130.9,7679
2021-01-05 18:00:00,130.9,130.92,130.86,130.92,18944
2021-01-05 18:05:00,130.89,130.89,130.85,130.85,1850
2021-01-05 18:10:00,130.87,130.87,130.84,130.84,21341
2021-01-05 18:15:00,130.84,130.85,130.81,130.84,3313
2021-01-05 18:20:00,130.83,130.83,130.8,130.83,10637
2021-01-05 18:25:00,130.82,131.0,130.82,130.82,9884
2021-01-05 18:30:00,130.81,130.85,130.78,130.79,13223
2021-01-05 18:35:00,130.78,130.81,130.76,130.8,7940
2021-01-05 18:40:00,130.8,130.8,130.71,130.73,6658
2021-01-05 18:45:00,130.74,130.74,130.7,130.72,14480
2021-01-05 18:50:00,130.71,130.74,130.71,130.74,3132
2021-01-05 18:55:00,130.73,130.75,130.71,130.75,5026
2021-01-05 19:00:00,130.75,130.86,130.75,130.86,17369
2021-01-05 19:05:00,130.9,130.9,130.7,130.73,14829
2021-01-05 19:10:00,130.73,130.78,130.71,130.78,4320
2021-01-05 19:15:00,130.8,130.89,130.78,130.84,6780
2021-01-05 19:20:00,130.92,131.14,130.91,131.1,15616
2021-01-05 19:25:00,131.1,131.22,131.1,131.21,17758
2021-01-05 19:30:00,131.2,131.23,131.16,131.2,3820
2021-01-05 19:35:00,131.2,131.25,131.19,131.23,13355
2021-01-05 19:40:00,131.23,131.29,131.16,131.25,26459
2021-01-05 19:45:00,131.23,131.4,131.23,131.3,32398
2021-01-05 19:50:00,131.31,131.4,131.0,131.08,21948
2021-01-05 19:55:00,131.05,131.06,130.6,130.65,55988
2021-01-06 04:00:00,128.5,128.58,128.0,128.58,27589
2021-01-06 04:05:00,128.57,129.03,128.3,128.69,18242
2021-01-06 04:10:00,128.79,128.83,128.18,128.37,13809
2021-01-06 04:15:00,128.44,128.75,128.26,128.38,8341
2021-01-06 04:20:00,128.34,128.53,128.34,128.49,3789
2021-01-06 04:25:00,128.5,128.51,128.32,128.42,7403
2021-01-06 04:30:00,128.42,128.6,128.3,128.6,4583
2021-01-06 04:35:00,128.46,128.46,128.21,128.4,6353
2021-01-06 04:40:00,128.5,128.59,128.38,128.38,3573
2021-01-06 04:45:00,128.46,128.77,128.34,128.73,6363
2021-01-06 04:50:00,128.85,128.99,128.8,128.97,3725
2021-01-06 04:55:00,128.96,128.96,128.35,128.56,4805
2021-01-06 05:00:00,128.43,128.7,128.43,128.56,6661
2021-01-06 05:05:00,128.56,128.56,128.11,128.11,12230
2021-01-06 05:10:00,128.27,128.93,128.27,128.55,3179
2021-01-06 05:15:00,128.6,128.67,128.6,128.65,1688
2021-01-06 05:20:00,128.59,128.63,128.3,128.33,6372
2021-01-06 05:25:00,128.45,128.58,128.02,128.02,29371
2021-01-06 05:30:00,128.01,128.35,127.95,128.3,40292
2021-01-06 05:35:00,128.4,128.47,128.1,128.32,7886
2021-01-06 05:40:00,128.33,128.58,128.32,128.57,6056
2021-01-06 05:45:00,128.54,128.59,128.36,128.36,2759
2021-01-06 05:50:00,128.35,128.55,128.31,128.39,6401
2021-01-06 05:55:00,128.35,128.35,127.8,128.08,22982
2021-01-06 06:00:00,128.08,128.25,128.08,128.25,6468
2021-01-06 06:05:00,128.11,128.25,127.73,127.88,10767
2021-01-06 06:10:00,127.96,128.06,127.62,127.62,14046
2021-01-06 06:15:00,127.75,127.8,127.52,127.75,11138
2021-01-06 06:20:00,127.86,128.19,127.7,128.11,8286
2021-01-06 06:25:00,128.07,128.09,128.02,128.09,1103
2021-01-06 06:30:00,128.06,128.06,128.06,128.06,200
2021-01-06 06:35:00,128.06,128.08,127.9,127.9,12736
2021-01-06 06:40:00,127.9,128.38,127.9,127.92,8552
2021-01-06 06:45:00,127.98,128.0,127.61,127.89,9100
2021-01-06 06:50:00,127.95,128.45,127.83,128.45,12961
2021-01-06 06:55:00,128.43,128.55,128.39,128.48,4878
2021-01-06 07:00:00,128.55,129.13,128.32,128.98,149044
2021-01-06 07:05:00,128.96,129.06,128.69,128.87,102069
2021-01-06 07:10:00,128.83,128.84,128.54,128.8,48663
2021-01-06 07:15:00,128.76,128.95,128.75,128.94,25043
2021-01-06 07:20:00,128.9,128.99,128.61,128.99,38263
2021-01-06 07:25:00,129.0,129.0,128.61,128.94,36219
2021-01-06 07:30:00,128.92,129.2,128.77,128.79,64058
2021-01-06 07:35:00,128.79,128.85,128.53,128.63,94756
2021-01-06 07:40:00,128.63,128.67,128.6,128.611,19598
2021-01-06 07:45:00,128.62,128.7,128.53,128.65,31148
2021-01-06 07:50:00,128.69,128.71,128.55,128.57,46358
2021-01-06 07:55:00,128.57,128.59,128.2,128.36,83208
2021-01-06 08:00:00,128.36,129.16,128.23,128.73,294173
2021-01-06 08:05:00,128.72,128.75,128.63,128.68,41226
2021-01-06 08:10:00,128.69,128.8,128.65,128.79,39972
2021-01-06 08:15:00,128.76,128.82,128.62,128.66,47796
2021-01-06 08:20:00,128.66,129.069,128.65,129.02,74813
2021-01-06 08:25:00,129.0,129.06,128.79,128.93,56056
2021-01-06 08:30:00,128.92,128.92,128.6,128.69,57228
2021-01-06 08:35:00,128.66,128.75,128.6,128.7,45888
2021-01-06 08:40:00,128.68,128.74,128.65,128.66,61158
2021-01-06 08:45:00,128.62,128.64,128.35,128.38,98057
2021-01-06 08:50:00,128.4,128.6,128.37,128.54,64172
2021-01-06 08:55:00,128.54,128.56,128.01,128.15,133024
2021-01-06 09:00:00,128.149,128.36,128.07,128.35,81687
2021-01-06 09:05:00,128.4,128.4,128.25,128.3,102328
2021-01-06 09:10:00,128.35,128.39,128.0,128.06,99295
2021-01-06 09:15:00,128.06,128.4,128.06,128.27,83822
2021-01-06 09:20:00,128.29,128.36,128.2,128.36,51623
2021-01-06 09:25:00,128.36,128.78,127.5,127.72,412822
2021-01-06 09:30:00,127.72,127.95,126.55,126.742,7370662
2021-01-06 09:35:00,126.75,127.27,126.64,127.08,3727340
2021-01-06 09:40:00,127.08,127.58,126.83,127.46,2966005
2021-01-06 09:45:00,127.46,128.05,127.28,127.97,2651635
2021-01-06 09:50:00,127.96,128.43,127.93,128.398,2362211
2021-01-06 09:55:00,128.39,128.52,127.89,128.06,2090089
2021-01-06 10:00:00,128.07,128.09,127.59,127.885,1955545
2021-01-06 10:05:00,127.89,128.465,127.66,128.459,1561617
2021-01-06 10:10:00,128.45,128.8,128.31,128.32,1745314
2021-01-06 10:15:00,128.335,128.74,128.12,128.697,1368419
2021-01-06 10:20:00,128.695,129.14,128.6,129.105,1717612
2021-01-06 10:25:00,129.108,129.21,128.84,128.95,1749648
2021-01-06 10:30:00,128.96,129.28,128.815,128.98,1820665
2021-01-06 10:35:00,128.99,129.43,128.95,129.17,1558969
2021-01-06 10:40:00,129.179,129.23,128.975,129.065,1159984
2021-01-06 10:45:00,129.069,129.32,128.94,129.245,1449020
2021-01-06 10:50:00,129.24,129.74,129.24,129.635,1792347
2021-01-06 10:55:00,129.635,129.67,129.37,129.387,1240683
2021-01-06 11:00:00,129.39,129.58,129.1,129.5,1136362
2021-01-06 11:05:00,129.505,129.98,129.45,129.967,1200306
2021-01-06 11:10:00,129.965,130.53,129.92,130.502,2022940
2021-01-06 11:15:00,130.49,130.738,130.36,130.69,1918690
2021-01-06 11:20:00,130.69,131.05,130.47,130.595,2351457
2021-01-06 11:25:00,130.6,130.73,130.39,130.42,1238418
2021-01-06 11:30:00,130.43,130.768,130.34,130.367,1265814
2021-01-06 11:35:00,130.36,130.52,129.89,129.907,1615749
2021-01-06 11:40:00,129.911,130.14,129.91,130.135,1133766
2021-01-06 11:45:00,130.14,130.36,130.02,130.241,1254979
2021-01-06 11:50:00,130.25,130.251,130.03,130.045,909721
2021-01-06 11:55:00,130.047,130.17,129.96,130.12,814096
2021-01-06 12:00:00,130.13,130.39,130.06,130.375,1046373
2021-01-06 12:05:00,130.37,130.65,130.3,130.502,1275547
2021-01-06 12:10:00,130.5,130.58,130.37,130.404,675176
2021-01-06 12:15:00,130.4,130.705,130.375,130.58,800778
2021-01-06 12:20:00,130.58,130.6,130.32,130.333,693764
2021-01-06 12:25:00,130.335,130.415,130.19,130.325,601127
2021-01-06 12:30:00,130.329,130.54,130.3,130.39,598693
2021-01-06 12:35:00,130.39,130.4,130.01,130.03,688342
2021-01-06 12:40:00,130.03,130.129,129.93,130.01,672950
2021-01-06 12:45:00,130.01,130.08,129.91,129.915,624799
2021-01-06 12:50:00,129.92,130.17,129.88,130.13,905585
2021-01-06 12:55:00,130.14,130.19,129.99,130.01,536331
2021-01-06 13:00:00,130.02,130.158,130.0,130.03,543463
2021-01-06 13:05:00,130.035,130.08,129.93,129.99,844475
2021-01-06 13:10:00,130.0,130.159,129.96,130.141,657427
2021-01-06 13:15:00,130.145,130.26,129.772,129.805,1313670
2021-01-06 13:20:00,129.805,129.87,129.35,129.37,1374334
2021-01-06 13:25:00,129.37,129.6,129.21,129.24,1304430
2021-01-06 13:30:00,129.25,129.37,128.94,129.1,1478839
2021-01-06 13:35:00,129.09,129.37,129.08,129.36,1113132
2021-01-06 13:40:00,129.355,129.6,129.315,129.53,1196827
2021-01-06 13:45:00,129.53,129.56,129.39,129.425,759564
2021-01-06 13:50:00,129.43,129.5,129.275,129.405,476079
2021-01-06 13:55:00,129.4,129.435,129.215,129.25,460702
2021-01-06 14:00:00,129.255,129.45,129.2,129.275,564471
2021-01-06 14:05:00,129.271,129.385,129.115,129.12,678952
2021-01-06 14:10:00,129.12,129.17,128.944,128.945,894698
2021-01-06 14:15:00,128.945,129.03,128.51,128.599,1496996
2021-01-06 14:20:00,128.598,128.72,128.261,128.315,1221653
2021-01-06 14:25:00,128.31,128.375,127.75,127.8,2729448
2021-01-06 14:30:00,127.79,128.22,127.7,128.0,1985871
2021-01-06 14:35:00,128.01,128.07,127.5,127.56,1667032
2021-01-06 14:40:00,127.55,127.96,127.49,127.879,1987366
2021-01-06 14:45:00,127.88,127.93,127.13,127.175,1804447
2021-01-06 14:50:00,127.18,127.76,127.1,127.64,2066328
2021-01-06 14:55:00,127.64,128.18,127.61,127.94,1884074
2021-01-06 15:00:00,127.93,127.93,127.46,127.652,1365447
2021-01-06 15:05:00,127.65,128.05,127.65,127.91,1281864
2021-01-06 15:10:00,127.911,128.22,127.782,128.01,1387612
2021-01-06 15:15:00,128.004,128.07,127.68,127.86,1220366
2021-01-06 15:20:00,127.864,127.9,127.18,127.19,1552101
2021-01-06 15:25:00,127.19,127.57,126.94,127.48,2194075
2021-01-06 15:30:00,127.49,127.59,127.11,127.48,1479582
2021-01-06 15:35:00,127.47,127.47,126.83,126.9,2025828
2021-01-06 15:40:00,126.89,127.57,126.82,127.47,2127004
2021-01-06 15:45:00,127.46,127.49,126.95,127.19,1771240
2021-01-06 15:50:00,127.17,127.21,126.47,126.83,3694562
2021-01-06 15:55:00,126.82,126.88,126.382,126.58,6114638
2021-01-06 16:00:00,126.68,126.81,126.31,126.49,10011456
2021-01-06 16:05:00,126.48,126.76,126.46,126.74,91366
2021-01-06 16:10:00,126.71,126.75,126.56,126.7,147255
2021-01-06 16:15:00,126.6,126.75,126.6,126.66,47201
2021-01-06 16:20:00,126.67,126.9,126.575,126.9,43153
2021-01-06 16:25:00,126.9,126.9,126.6,126.8,67182
2021-01-06 16:30:00,126.8,127.15,126.6,127.12,82849
2021-01-06 16:35:00,127.12,127.24,127.12,127.15,68274
2021-01-06 16:40:00,127.1,127.2,127.06,127.07,33240
2021-01-06 16:45:00,127.07,127.13,127.0,127.01,42292
2021-01-06 16:50:00,127.02,127.1,126.99,127.06,28166
2021-01-06 16:55:00,127.06,127.1,127.03,127.08,15161
2021-01-06 17:00:00,127.1,127.15,127.0,127.05,22272
2021-01-06 17:05:00,127.07,127.08,127.01,127.03,24095
2021-01-06 17:10:00,127.05,127.07,127.0,127.05,31976
2021-01-06 17:15:00,127.02,127.06,127.0,127.06,7333
2021-01-06 17:20:00,127.06,127.07,127.02,127.05,16657
2021-01-06 17:25:00,127.07,127.4,127.07,127.4,64284
2021-01-06 17:30:00,127.41,127.46,127.35,127.43,44582
2021-01-06 17:35:00,127.43,127.43,127.36,127.39,24532
2021-01-06 17:40:00,127.4,127.4,127.29,127.29,19058
2021-01-06 17:45:00,127.34,127.36,127.25,127.28,15986
2021-01-06 17:50:00,127.27,127.37,127.27,127.37,23545
2021-01-06 17:55:00,127.37,127.37,127.25,127.26,25838
2021-01-06 18:00:00,127.251,127.3,127.05,127.1,43719
2021-01-06 18:05:00,127.25,127.35,127.22,127.34,10568
2021-01-06 18:10:00,127.31,127.37,127.31,127.37,11838
2021-01-06 18:15:00,127.35,127.37,127.3,127.3,9891
2021-01-06 18:20:00,127.31,127.34,127.24,127.31,6671
2021-01-06 18:25:00,127.32,127.35,127.3,127.35,26603
2021-01-06 18:30:00,127.38,127.45,127.35,127.45,17231
2021-01-06 18:35:00,127.41,127.47,127.37,127.44,19816
2021-01-06 18:40:00,127.4,127.45,127.21,127.24,21779
2021-01-06 18:45:00,127.25,127.43,127.25,127.41,14667
2021-01-06 18:50:00,127.36,127.44,127.35,127.35,5551
2021-01-06 18:55:00,127.35,127.4,127.25,127.35,12189
2021-01-06 19:00:00,127.28,127.5,127.28,127.48,16795
2021-01-06 19:05:00,127.48,127.48,127.4,127.46,12471
2021-01-06 19:10:00,127.42,127.47,127.35,127.4,17609
2021-01-06 19:15:00,127.41,127.41,127.31,127.41,18031
2021-01-06 19:20:00,127.42,127.45,127.4,127.44,13656
2021-01-06 19:25:00,127.44,127.45,127.41,127.41,19928
2021-01-06 19:30:00,127.44,127.45,127.41,127.41,7642
2021-01-06 19:35:00,127.43,127.5,127.43,127.5,14399
2021-01-06 19:40:00,127.49,127.5,127.43,127.44,9933
2021-01-06 19:45:00,127.41,127.5,127.41,127.45,13721
2021-01-06 19:50:00,127.47,127.79,127.45,127.79,63460
2021-01-06 19:55:00,127.77,127.8,127.62,127.62,58680
2021-01-07 04:00:00,128.0,128.17,127.82,127.85,4883
2021-01-07 04:05:00,127.98,128.63,127.98,128.6,16256
2021-01-07 04:10:00,128.55,128.64,128.3,128.3,8696
2021-01-07 04:15:00,128.31,128.44,128.2,128.2,13714
2021-01-07 04:20:00,128.19,128.3,128.13,128.28,2882
2021-01-07 04:25:00,128.3,128.37,128.3,128.37,4137
2021-01-07 04:30:00,128.34,128.34,127.72,128.1,6001
2021-01-07 04:35:00,128.1,128.2,127.81,127.94,4210
2021-01-07 04:40:00,128.02,128.02,127.53,127.8,3872
2021-01-07 04:45:00,127.6,127.9,127.51,127.86,2814
2021-01-07 04:50:00,127.9,127.9,127.62,127.74,2345
2021-01-07 04:55:00,127.78,127.78,127.59,127.68,6501
2021-01-07 05:00:00,127.58,127.67,127.55,127.65,8060
2021-01-07 05:05:00,127.67,128.0,127.64,127.92,12023
2021-01-07 05:10:00,127.93,127.93,127.67,127.77,2886
2021-01-07 05:20:00,127.85,128.2,127.85,128.1,3100
2021-01-07 05:25:00,128.05,128.18,127.97,128.09,3098
2021-01-07 05:30:00,127.85,128.0,127.85,127.98,1600
2021-01-07 05:35:00,128.1,128.29,128.1,128.25,8586
2021-01-07 05:40:00,128.24,128.24,127.98,128.01,1008
2021-01-07 05:45:00,128.05,128.11,128.05,128.1,2537
2021-01-07 05:50:00,128.12,128.14,127.78,127.78,4573
2021-01-07 05:55:00,127.82,127.83,127.56,127.75,6140
2021-01-07 06:00:00,127.54,127.66,127.42,127.42,12128
2021-01-07 06:05:00,127.45,127.8,127.45,127.8,1507
2021-01-07 06:10:00,127.79,127.79,127.72,127.72,1064
2021-01-07 06:15:00,127.8,127.94,127.8,127.88,734
2021-01-07 06:20:00,127.95,127.96,127.95,127.96,1579
2021-01-07 06:30:00,127.99,127.99,127.99,127.99,163
2021-01-07 06:35:00,127.99,127.99,127.92,127.92,1445
2021-01-07 06:40:00,127.9,127.9,127.75,127.75,1644
2021-01-07 06:45:00,127.75,127.85,127.75,127.85,1916
2021-01-07 06:50:00,127.85,127.85,127.8,127.81,384
2021-01-07 06:55:00,127.78,127.9,127.76,127.78,1000
2021-01-07 07:00:00,127.69,128.29,127.69,128.15,80562
2021-01-07 07:05:00,128.17,128.25,128.13,128.25,27686
2021-01-07 07:10:00,128.23,128.25,128.16,128.24,42886
2021-01-07 07:15:00,128.24,128.3,128.0,128.25,60366
2021-01-07 07:20:00,128.25,128.27,128.09,128.13,27873
2021-01-07 07:25:00,128.14,128.3,128.14,128.27,19218
2021-01-07 07:30:00,128.27,128.28,128.13,128.22,16863
2021-01-07 07:35:00,128.26,128.28,128.1,128.16,22910
2021-01-07 07:40:00,128.15,128.31,128.11,128.25,21570
2021-01-07 07:45:00,128.25,128.29,128.22,128.27,13702
2021-01-07 07:50:00,128.26,128.28,128.19,128.19,32052
2021-01-07 07:55:00,128.23,128.29,128.2,128.28,16597
2021-01-07 08:00:00,128.11,128.33,127.87,128.31,204979
2021-01-07 08:05:00,128.31,128.5,128.31,128.46,52807
2021-01-07 08:10:00,128.45,128.62,128.36,128.6,101096
2021-01-07 08:15:00,128.6,128.64,128.46,128.54,51861
2021-01-07 08:20:00,128.53,128.6,128.48,128.5,44039
2021-01-07 08:25:00,128.49,128.54,128.48,128.5,35446
2021-01-07 08:30:00,128.51,128.54,128.39,128.44,38593
2021-01-07 08:35:00,128.46,128.49,128.38,128.4,41834
2021-01-07 08:40:00,128.42,128.53,128.38,128.52,34034
2021-01-07 08:45:00,128.52,128.53,128.25,128.35,76808
2021-01-07 08:50:00,128.32,128.35,128.17,128.28,46481
2021-01-07 08:55:00,128.29,128.37,128.19,128.23,87695
2021-01-07 09:00:00,128.24,128.37,128.22,128.35,64345
2021-01-07 09:05:00,128.33,128.55,128.3,128.53,60940
2021-01-07 09:10:00,128.54,128.55,128.27,128.4,49770
2021-01-07 09:15:00,128.39,128.45,128.26,128.34,37249
2021-01-07 09:20:00,128.33,128.45,128.3,128.3,50175
2021-01-07 09:25:00,128.3,128.5,128.26,128.38,55903
2021-01-07 09:30:00,128.4,128.79,128.034,128.17,4863111
2021-01-07 09:35:00,128.171,128.737,128.11,128.525,2407666
2021-01-07 09:40:00,128.54,128.609,128.19,128.44,2100227
2021-01-07 09:45:00,128.45,128.505,127.86,127.999,2196420
2021-01-07 09:50:00,127.993,128.54,127.872,128.52,1862607
2021-01-07 09:55:00,128.521,129.14,128.514,129.01,2797267
2021-01-07 10:00:00,129.03,129.48,128.88,129.41,2060926
2021-01-07 10:05:00,129.41,129.66,129.38,129.49,1820557
2021-01-07 10:10:00,129.485,129.9,129.47,129.839,1601762
2021-01-07 10:15:00,129.83,130.14,129.81,130.005,1901437
2021-01-07 10:20:00,130.01,130.315,129.78,129.837,1985463
2021-01-07 10:25:00,129.835,130.06,129.68,129.83,1534981
2021-01-07 10:30:00,129.84,130.08,129.69,129.86,1150371
2021-01-07 10:35:00,129.86,130.2,129.8,130.064,1411234
2021-01-07 10:40:00,130.07,130.23,129.86,130.095,1121005
2021-01-07 10:45:00,130.1,130.2,130.0,130.165,822012
2021-01-07 10:50:00,130.16,130.37,130.07,130.2,1440375
2021-01-07 10:55:00,130.204,130.56,130.17,130.541,1176770
2021-01-07 11:00:00,130.545,130.78,130.42,130.632,1272486
2021-01-07 11:05:00,130.62,130.99,130.45,130.963,1528221
2021-01-07 11:10:00,130.959,131.03,130.48,130.54,1661153
2021-01-07 11:15:00,130.54,130.69,130.31,130.42,1080556
2021-01-07 11:20:00,130.43,130.58,130.31,130.53,956523
2021-01-07 11:25:00,130.52,130.77,130.46,130.56,1033980
2021-01-07 11:30:00,130.57,130.69,130.44,130.56,823791
2021-01-07 11:35:00,130.57,130.96,130.54,130.831,1031853
2021-01-07 11:40:00,130.831,130.86,130.65,130.705,815529
2021-01-07 11:45:00,130.71,130.76,130.57,130.6,967422
2021-01-07 11:50:00,130.6,130.74,130.46,130.48,740011
2021-01-07 11:55:00,130.48,130.52,130.14,130.32,980847
2021-01-07 12:00:00,130.33,130.425,130.24,130.32,677676
2021-01-07 12:05:00,130.31,130.317,129.95,130.151,1032620
2021-01-07 12:10:00,130.15,130.21,130.03,130.11,594011
2021-01-07 12:15:00,130.11,130.385,130.075,130.21,670452
2021-01-07 12:20:00,130.21,130.235,130.02,130.02,673482
2021-01-07 12:25:00,130.03,130.11,129.85,130.07,882435
2021-01-07 12:30:00,130.06,130.42,130.06,130.416,787654
2021-01-07 12:35:00,130.42,130.5,130.37,130.435,653791
2021-01-07 12:40:00,130.431,130.54,130.4,130.533,420745
2021-01-07 12:45:00,130.54,130.57,130.42,130.465,416481
2021-01-07 12:50:00,130.46,130.65,130.42,130.635,511800
2021-01-07 12:55:00,130.635,130.635,130.46,130.465,491443
2021-01-07 13:00:00,130.465,130.55,130.32,130.4,655158
2021-01-07 13:05:00,130.4,130.4,130.07,130.07,642875
2021-01-07 13:10:00,130.065,130.275,130.02,130.24,651231
2021-01-07 13:15:00,130.248,130.36,130.14,130.29,553449
2021-01-07 13:20:00,130.283,130.48,130.28,130.445,400828
2021-01-07 13:25:00,130.445,130.52,130.35,130.36,446570
2021-01-07 13:30:00,130.37,130.56,130.365,130.5,581320
2021-01-07 13:35:00,130.49,130.505,130.25,130.347,490209
2021-01-07 13:40:00,130.344,130.56,130.311,130.515,613101
2021-01-07 13:45:00,130.51,130.52,130.211,130.285,434976
2021-01-07 13:50:00,130.281,130.38,130.21,130.363,461072
2021-01-07 13:55:00,130.365,130.403,130.245,130.31,502326
2021-01-07 14:00:00,130.305,130.59,130.28,130.58,621142
2021-01-07 14:05:00,130.58,130.6,130.455,130.555,417984
2021-01-07 14:10:00,130.54,130.6,130.39,130.455,453495
2021-01-07 14:15:00,130.455,130.53,130.41,130.44,414152
2021-01-07 14:20:00,130.425,130.54,130.39,130.526,446600
2021-01-07 14:25:00,130.525,130.64,130.49,130.617,785105
2021-01-07 14:30:00,130.614,130.65,130.46,130.565,743229
2021-01-07 14:35:00,130.55,130.68,130.52,130.57,659014
2021-01-07 14:40:00,130.56,130.62,130.45,130.49,589014
2021-01-07 14:45:00,130.485,130.6,130.414,130.515,581166
2021-01-07 14:50:00,130.52,130.59,130.48,130.51,352173
2021-01-07 14:55:00,130.515,130.78,130.46,130.775,622776
2021-01-07 15:00:00,130.772,130.89,130.71,130.846,803871
2021-01-07 15:05:00,130.85,130.96,130.83,130.89,693007
2021-01-07 15:10:00,130.89,130.93,130.46,130.86,1711684
2021-01-07 15:15:00,130.87,130.98,130.831,130.935,574905
2021-01-07 15:20:00,130.935,131.18,130.93,131.168,2026663
2021-01-07 15:25:00,131.162,131.215,131.05,131.21,803202
2021-01-07 15:30:00,131.21,131.34,131.17,131.295,1120756
2021-01-07 15:35:00,131.3,131.35,131.23,131.236,899333
2021-01-07 15:40:00,131.235,131.237,131.04,131.2,1222441
2021-01-07 15:45:00,131.195,131.63,131.14,131.48,1827116
2021-01-07 15:50:00,131.47,131.479,131.23,131.255,1661590
2021-01-07 15:55:00,131.25,131.275,130.82,130.85,3195217
2021-01-07 16:00:00,130.92,131.0,130.85,130.86,11015922
2021-01-07 16:05:00,130.89,130.92,130.72,130.76,49507
2021-01-07 16:10:00,130.72,130.92,130.66,130.85,107585
2021-01-07 16:15:00,130.85,130.87,130.72,130.84,13698
2021-01-07 16:20:00,130.82,130.85,130.8,130.8,18793
2021-01-07 16:25:00,130.8,130.82,130.75,130.8,9142
2021-01-07 16:30:00,130.8,130.92,130.75,130.78,10864
2021-01-07 16:35:00,130.77,130.8,130.75,130.78,5444
2021-01-07 16:40:00,130.79,130.83,130.78,130.81,6276
2021-01-07 16:45:00,130.82,130.83,130.72,130.72,11900
2021-01-07 16:50:00,130.77,130.8,130.68,130.68,8406
2021-01-07 16:55:00,130.66,130.68,130.61,130.63,21168
2021-01-07 17:00:00,130.66,130.7,130.62,130.68,6881
2021-01-07 17:05:00,130.71,130.71,130.42,130.45,35460
2021-01-07 17:10:00,130.44,130.75,130.43,130.63,26234
2021-01-07 17:15:00,130.6,130.7,130.6,130.63,11855
2021-01-07 17:20:00,130.66,130.68,130.63,130.65,6679
2021-01-07 17:25:00,130.63,130.65,130.59,130.59,8114
2021-01-07 17:30:00,130.59,130.66,130.59,130.66,4716
2021-01-07 17:35:00,130.65,130.66,130.65,130.65,4988
2021-01-07 17:40:00,130.66,130.68,130.61,130.65,12330
2021-01-07 17:45:00,130.61,130.68,130.51,130.62,5590
2021-01-07 17:50:00,130.68,130.72,130.62,130.66,7160
2021-01-07 17:55:00,130.7,130.73,130.67,130.72,1125
2021-01-07 18:00:00,130.72,130.92,130.67,130.67,34187
2021-01-07 18:05:00,130.67,130.71,130.5,130.71,25531
2021-01-07 18:10:00,130.71,130.75,130.68,130.75,7874
2021-01-07 18:15:00,130.73,130.77,130.7,130.77,9717
2021-01-07 18:20:00,130.77,130.77,130.73,130.73,5535
2021-01-07 18:25:00,130.74,130.76,130.68,130.74,7715
2021-01-07 18:30:00,130.63,130.64,130.61,130.64,1879
2021-01-07 18:35:00,130.65,130.76,130.65,130.76,11605
2021-01-07 18:40:00,130.75,130.75,130.7,130.7,2048
2021-01-07 18:45:00,130.75,130.82,130.72,130.82,7189
2021-01-07 18:50:00,130.82,131.16,130.77,130.95,34849
2021-01-07 18:55:00,130.9,131.09,130.9,131.03,28468
2021-01-07 19:00:00,131.04,131.1,130.99,131.06,8294
2021-01-07 19:05:00,131.05,131.14,131.0,131.03,10465
2021-01-07 19:10:00,131.09,131.09,131.02,131.04,6828
2021-01-07 19:15:00,131.04,131.09,130.96,131.0,12269
2021-01-07 19:20:00,131.09,131.14,131.0,131.14,60011
2021-01-07 19:25:00,131.14,131.54,131.14,131.54,37945
2021-01-07 19:30:00,131.5,131.95,131.5,131.9,78771
2021-01-07 19:35:00,131.9,131.91,131.66,131.75,57467
2021-01-07 19:40:00,131.75,131.93,131.7,131.93,23518
2021-01-07 19:45:00,131.92,131.93,131.74,131.75,20861
2021-01-07 19:50:00,131.72,131.73,131.5,131.72,36971
2021-01-07 19:55:00,131.73,131.75,131.58,131.68,46377
2021-01-08 04:00:00,131.72,132.14,131.68,131.82,11099
2021-01-08 04:05:00,131.78,131.86,131.78,131.86,994
2021-01-08 04:10:00,131.86,131.98,131.86,131.9,1131
2021-01-08 04:15:00,131.86,131.89,131.8,131.88,1475
2021-01-08 04:20:00,131.85,131.85,131.74,131.74,500
2021-01-08 04:25:00,131.7,131.7,131.55,131.55,2370
2021-01-08 04:30:00,131.6,131.7,131.56,131.7,1380
2021-01-08 04:35:00,131.7,131.72,131.13,131.53,3392
2021-01-08 04:45:00,131.57,131.57,131.57,131.57,200
2021-01-08 04:50:00,131.63,131.72,131.63,131.72,487
2021-01-08 04:55:00,131.68,131.97,131.68,131.97,6037
2021-01-08 05:00:00,131.98,132.1,131.96,132.1,9354
2021-01-08 05:05:00,132.06,132.1,132.05,132.1,1445
2021-01-08 05:10:00,132.1,132.12,132.06,132.1,5398
2021-01-08 05:15:00,132.1,132.13,132.04,132.04,5241
2021-01-08 05:20:00,132.04,132.13,132.01,132.13,1504
2021-01-08 05:25:00,132.02,132.13,132.0,132.05,2463
2021-01-08 05:30:00,132.05,132.05,132.0,132.01,8367
2021-01-08 05:35:00,132.0,132.05,132.0,132.05,1372
2021-01-08 05:40:00,132.03,132.03,132.0,132.0,10088
2021-01-08 05:45:00,132.05,132.13,132.05,132.13,3391
2021-01-08 05:50:00,132.08,132.08,132.05,132.08,1137
2021-01-08 05:55:00,132.06,132.16,132.0,132.16,7362
2021-01-08 06:00:00,132.13,132.15,132.0,132.0,2000
2021-01-08 06:05:00,132.0,132.0,131.89,131.9,1101
2021-01-08 06:10:00,131.9,132.08,131.83,132.08,2930
2021-01-08 06:15:00,132.0,132.0,131.93,131.93,2654
2021-01-08 06:20:00,132.01,132.02,132.01,132.02,2100
2021-01-08 06:25:00,132.02,132.02,132.02,132.02,1003
2021-01-08 06:30:00,132.05,132.08,132.05,132.08,575
2021-01-08 06:35:00,132.1,132.15,132.1,132.14,1767
2021-01-08 06:40:00,132.14,132.16,132.08,132.14,3083
2021-01-08 06:45:00,132.16,132.16,132.0,132.0,4978
2021-01-08 06:50:00,132.0,132.07,132.0,132.04,5871
2021-01-08 06:55:00,132.0,132.1,132.0,132.02,10093
2021-01-08 07:00:00,132.03,132.5,132.0,132.49,97741
2021-01-08 07:05:00,132.49,132.61,132.36,132.44,131670
2021-01-08 07:10:00,132.47,132.75,132.47,132.7,57677
2021-01-08 07:15:00,132.7,132.75,132.65,132.74,26127
2021-01-08 07:20:00,132.74,132.849,132.74,132.83,30333
2021-01-08 07:25:00,132.82,132.83,132.51,132.59,35324
2021-01-08 07:30:00,132.56,132.73,132.53,132.59,41610
2021-01-08 07:35:00,132.57,132.63,132.47,132.47,27867
2021-01-08 07:40:00,132.46,132.54,132.4,132.41,29571
2021-01-08 07:45:00,132.41,132.44,132.39,132.41,13969
2021-01-08 07:50:00,132.43,132.45,132.31,132.31,21103
2021-01-08 07:55:00,132.3,132.33,132.23,132.24,11818
2021-01-08 08:00:00,132.15,132.85,132.01,132.49,261206
2021-01-08 08:05:00,132.49,132.53,132.4,132.4,53021
2021-01-08 08:10:00,132.4,132.42,132.34,132.4,34900
2021-01-08 08:15:00,132.4,132.44,132.35,132.44,21703
2021-01-08 08:20:00,132.42,132.51,132.41,132.49,27497
2021-01-08 08:25:00,132.49,132.55,132.37,132.45,67697
2021-01-08 08:30:00,132.4,132.4,132.05,132.25,80569
2021-01-08 08:35:00,132.24,132.36,132.16,132.29,53980
2021-01-08 08:40:00,132.3,132.42,132.27,132.42,46460
2021-01-08 08:45:00,132.42,132.43,132.29,132.35,43340
2021-01-08 08:50:00,132.36,132.39,132.23,132.23,35301
2021-01-08 08:55:00,132.24,132.25,132.01,132.04,88256
2021-01-08 09:00:00,132.04,132.28,132.03,132.28,61419
2021-01-08 09:05:00,132.3,132.42,132.24,132.38,78123
2021-01-08 09:10:00,132.38,132.64,132.38,132.57,106430
2021-01-08 09:15:00,132.57,132.58,132.44,132.44,64189
2021-01-08 09:20:00,132.45,132.47,132.37,132.38,28703
2021-01-08 09:25:00,132.4,132.63,132.35,132.41,63487
2021-01-08 09:30:00,132.39,132.63,131.63,132.312,4386044
2021-01-08 09:35:00,132.32,132.53,131.338,131.47,2652959
2021-01-08 09:40:00,131.48,132.06,131.355,131.41,1916039
2021-01-08 09:45:00,131.41,131.41,130.35,130.91,3110315
2021-01-08 09:50:00,130.91,131.54,130.86,131.32,2235879
2021-01-08 09:55:00,131.312,131.69,131.23,131.549,1368754
2021-01-08 10:00:00,131.545,131.98,131.52,131.82,1529800
2021-01-08 10:05:00,131.82,131.92,131.35,131.385,1129936
2021-01-08 10:10:00,131.39,131.68,131.23,131.23,1118391
2021-01-08 10:15:00,131.21,131.529,131.17,131.5,1106883
2021-01-08 10:20:00,131.505,131.505,130.92,130.946,1256620
2021-01-08 10:25:00,130.94,131.14,130.26,130.38,1916016
2021-01-08 10:30:00,130.39,130.79,130.33,130.685,1326949
2021-01-08 10:35:00,130.68,130.97,130.588,130.8,1042580
2021-01-08 10:40:00,130.8,131.26,130.75,131.22,1065831
2021-01-08 10:45:00,131.216,131.434,131.19,131.36,1097785
2021-01-08 10:50:00,131.35,131.4,131.17,131.365,723115
2021-01-08 10:55:00,131.37,131.5,130.91,131.02,1051606
2021-01-08 11:00:00,131.02,131.24,130.96,131.08,694414
2021-01-08 11:05:00,131.095,131.3,131.005,131.044,852411
2021-01-08 11:10:00,131.045,131.15,130.84,131.005,944127
2021-01-08 11:15:00,130.99,131.1,130.62,130.72,1141268
2021-01-08 11:20:00,130.715,130.975,130.68,130.97,809991
2021-01-08 11:25:00,130.975,131.16,130.95,131.07,898847
2021-01-08 11:30:00,131.07,131.18,130.98,131.18,879261
2021-01-08 11:35:00,131.179,131.45,131.13,131.39,842429
2021-01-08 11:40:00,131.39,131.64,131.39,131.56,963188
2021-01-08 11:45:00,131.57,131.7,131.45,131.56,835139
2021-01-08 11:50:00,131.55,131.74,131.47,131.71,1119926
2021-01-08 11:55:00,131.718,132.25,131.69,132.24,1811056
2021-01-08 12:00:00,132.241,132.4,131.88,131.94,1483325
2021-01-08 12:05:00,131.95,132.365,131.71,132.275,1285693
2021-01-08 12:10:00,132.275,132.57,132.16,132.43,1113336
2021-01-08 12:15:00,132.42,132.56,132.17,132.271,1003004
2021-01-08 12:20:00,132.27,132.36,131.995,132.0,754535
2021-01-08 12:25:00,132.01,132.175,131.98,132.155,764772
2021-01-08 12:30:00,132.155,132.25,131.85,131.966,779159
2021-01-08 12:35:00,131.965,132.05,131.65,131.87,718080
2021-01-08 12:40:00,131.86,132.0,131.75,131.754,697062
2021-01-08 12:45:00,131.755,131.885,131.52,131.616,761485
2021-01-08 12:50:00,131.615,131.76,131.52,131.695,527076
2021-01-08 12:55:00,131.7,131.755,131.6,131.67,418608
2021-01-08 13:00:00,131.67,131.69,131.52,131.62,492922
2021-01-08 13:05:00,131.64,131.642,131.34,131.596,649448
2021-01-08 13:10:00,131.595,131.795,131.595,131.727,722248
2021-01-08 13:15:00,131.727,131.74,131.21,131.22,961608
2021-01-08 13:20:00,131.226,131.239,130.37,130.81,1469186
2021-01-08 13:25:00,130.81,131.18,130.735,131.12,1050035
2021-01-08 13:30:00,131.12,131.23,131.0,131.01,748614
2021-01-08 13:35:00,131.01,131.19,130.43,130.7,1196768
2021-01-08 13:40:00,130.691,130.72,130.23,130.557,1054865
2021-01-08 13:45:00,130.57,130.91,130.51,130.785,836916
2021-01-08 13:50:00,130.78,131.056,130.776,130.945,613576
2021-01-08 13:55:00,130.95,131.17,130.87,131.01,622225
2021-01-08 14:00:00,131.005,131.24,130.97,131.065,619751
2021-01-08 14:05:00,131.065,131.28,131.01,131.157,562815
2021-01-08 14:10:00,131.16,131.429,131.115,131.15,723709
2021-01-08 14:15:00,131.14,131.38,131.135,131.37,599139
2021-01-08 14:20:00,131.37,131.4,131.03,131.19,654456
2021-01-08 14:25:00,131.19,131.55,131.11,131.475,759334
2021-01-08 14:30:00,131.47,131.54,131.275,131.321,597266
2021-01-08 14:35:00,131.32,131.48,131.31,131.405,373162
2021-01-08 14:40:00,131.41,131.46,131.14,131.226,560066
2021-01-08 14:45:00,131.235,131.4,131.08,131.365,557864
2021-01-08 14:50:00,131.365,131.555,131.31,131.405,633582
2021-01-08 14:55:00,131.405,131.51,131.29,131.44,501221
2021-01-08 15:00:00,131.44,131.66,131.39,131.51,660898
2021-01-08 15:05:00,131.51,131.633,131.401,131.62,524896
2021-01-08 15:10:00,131.62,131.66,131.46,131.595,673139
2021-01-08 15:15:00,131.6,131.78,131.59,131.715,797616
2021-01-08 15:20:00,131.72,131.78,131.46,131.531,789330
2021-01-08 15:25:00,131.54,131.85,131.49,131.774,712827
2021-01-08 15:30:00,131.77,131.91,131.63,131.87,855773
2021-01-08 15:35:00,131.865,131.98,131.81,131.94,872922
2021-01-08 15:40:00,131.945,132.06,131.89,132.04,1107593
2021-01-08 15:45:00,132.05,132.15,131.94,132.015,1090815
2021-01-08 15:50:00,132.02,132.21,131.94,132.05,1557407
2021-01-08 15:55:00,132.045,132.21,131.95,131.99,2299808
2021-01-08 16:00:00,132.05,132.2,131.93,132.19,8142928
2021-01-08 16:05:00,132.18,132.19,131.757,132.05,42198
2021-01-08 16:10:00,132.08,132.16,132.03,132.11,44726
2021-01-08 16:15:00,132.11,132.15,132.05,132.07,27627
2021-01-08 16:20:00,132.07,132.09,132.03,132.05,28009
2021-01-08 16:25:00,132.09,132.11,132.01,132.04,35661
2021-01-08 16:30:00,132.04,132.07,132.01,132.02,23805
2021-01-08 16:35:00,132.05,132.1,132.02,132.1,36270
2021-01-08 16:40:00,132.1,132.11,131.99,131.99,27164
2021-01-08 16:45:00,131.985,132.05,131.98,132.05,8207
2021-01-08 16:50:00,132.02,132.15,132.0,132.15,36101
2021-01-08 16:55:00,132.12,132.15,132.05,132.15,12797
2021-01-08 17:00:00,132.13,132.13,132.02,132.02,6325
2021-01-08 17:05:00,132.0,132.04,131.99,131.99,13405
2021-01-08 17:10:00,132.0,132.07,131.99,132.01,25991
2021-01-08 17:15:00,132.0,132.02,131.98,131.98,12927
2021-01-08 17:20:00,131.97,132.0,131.97,132.0,5022
2021-01-08 17:25:00,132.01,132.01,131.98,132.0,7488
2021-01-08 17:30:00,131.98,132.0,131.98,131.98,2654
2021-01-08 17:35:00,131.98,132.0,131.98,132.0,3573
2021-01-08 17:40:00,132.0,132.02,131.99,132.02,3061
2021-01-08 17:45:00,132.0,132.05,131.99,131.99,7647
2021-01-08 17:50:00,132.0,132.04,131.96,132.0,5877
2021-01-08 17:55:00,131.96,132.0,131.95,131.95,5982
2021-01-08 18:00:00,131.99,132.0,131.95,131.95,8748
2021-01-08 18:05:00,131.93,131.94,131.93,131.94,821
2021-01-08 18:10:00,131.98,132.0,131.97,131.99,5761
2021-01-08 18:15:00,131.98,132.0,131.95,131.97,2980
2021-01-08 18:20:00,131.95,131.97,131.95,131.95,3815
2021-01-08 18:25:00,131.96,131.99,131.95,131.99,5821
2021-01-08 18:30:00,131.99,132.0,131.95,131.99,5605
2021-01-08 18:35:00,131.99,132.0,131.96,131.96,5297
2021-01-08 18:40:00,131.99,131.99,131.94,131.94,5077
2021-01-08 18:45:00,131.96,131.96,131.93,131.93,8104
2021-01-08 18:50:00,131.93,131.95,131.93,131.94,2815
2021-01-08 18:55:00,131.92,131.92,131.9,131.9,10879
2021-01-08 19:00:00,131.93,131.93,131.83,131.83,11240
2021-01-08 19:05:00,131.83,131.85,131.77,131.77,6632
2021-01-08 19:10:00,131.8,131.8,131.76,131.8,5681
2021-01-08 19:15:00,131.82,131.85,131.79,131.79,3066
2021-01-08 19:20:00,131.77,131.8,131.75,131.77,9022
2021-01-08 19:25:00,131.78,131.78,131.76,131.76,2070
2021-01-08 19:30:00,131.75,131.79,131.75,131.79,12954
2021-01-08 19:35:00,131.79,131.8,131.75,131.77,18203
2021-01-08 19:40:00,131.79,131.8,131.76,131.77,5568
2021-01-08 19:45:00,131.77,131.77,131.75,131.75,6443
2021-01-08 19:50:00,131.75,131.76,131.72,131.76,19613
2021-01-08 19:55:00,131.74,131.76,131.72,131.75,20206
2021-01-11 04:00:00,131.75,131.75,131.29,131.4,10185
2021-01-11 04:05:00,131.4,131.45,131.03,131.1,11581
2021-01-11 04:10:00,131.19,131.21,131.0,131.15,7075
2021-01-11 04:15:00,131.15,131.27,131.1,131.27,8786
2021-01-11 04:20:00,131.2,131.42,131.2,131.35,6471
2021-01-11 04:25:00,131.35,131.43,131.12,131.2,2412
2021-01-11 04:30:00,131.23,131.4,131.14,131.32,1940
2021-01-11 04:35:00,131.4,131.42,131.35,131.35,1310
2021-01-11 04:40:00,131.29,131.48,131.29,131.45,5388
2021-01-11 04:45:00,131.2,131.39,131.2,131.3,2463
2021-01-11 04:50:00,131.26,131.26,131.26,131.26,261
2021-01-11 04:55:00,131.28,131.28,131.2,131.28,1516
2021-01-11 05:00:00,131.21,131.21,131.17,131.17,2866
2021-01-11 05:05:00,131.27,131.4,131.27,131.4,624
2021-01-11 05:10:00,131.4,131.4,131.4,131.4,676
2021-01-11 05:20:00,131.3,131.3,131.2,131.2,599
2021-01-11 05:25:00,131.23,131.3,131.23,131.3,1201
2021-01-11 05:30:00,131.3,131.33,131.3,131.33,745
2021-01-11 05:35:00,131.41,131.48,131.33,131.33,1436
2021-01-11 05:40:00,131.33,131.44,131.29,131.4,3316
2021-01-11 05:45:00,131.4,131.4,131.34,131.34,200
2021-01-11 05:50:00,131.35,131.35,131.34,131.34,5716
2021-01-11 05:55:00,131.43,131.43,131.4,131.4,1487
2021-01-11 06:00:00,131.47,131.48,131.46,131.48,2243
2021-01-11 06:05:00,131.45,131.45,131.43,131.43,4249
2021-01-11 06:10:00,131.48,131.48,131.39,131.39,3380
2021-01-11 06:15:00,131.36,131.36,131.36,131.36,286
2021-01-11 06:20:00,131.36,131.36,131.32,131.32,830
2021-01-11 06:25:00,131.32,131.32,131.32,131.32,100
2021-01-11 06:30:00,131.29,131.29,131.28,131.28,200
2021-01-11 06:35:00,131.29,131.58,131.29,131.58,3362
2021-01-11 06:40:00,131.66,131.73,131.63,131.7,4601
2021-01-11 06:45:00,131.7,131.7,131.61,131.61,1449
2021-01-11 06:50:00,131.62,131.65,131.41,131.41,2693
2021-01-11 06:55:00,131.4,131.65,131.4,131.52,4793
2021-01-11 07:00:00,131.6,131.67,131.14,131.24,104089
2021-01-11 07:05:00,131.18,131.18,131.0,131.1,31799
2021-01-11 07:10:00,131.07,131.09,130.9,130.9,31669
2021-01-11 07:15:00,130.89,130.95,130.49,130.49,58976
2021-01-11 07:20:00,130.48,130.6,130.25,130.25,71279
2021-01-11 07:25:00,130.24,130.65,130.24,130.55,37662
2021-01-11 07:30:00,130.54,130.64,130.41,130.59,29280
2021-01-11 07:35:00,130.64,130.72,130.5,130.6,30818
2021-01-11 07:40:00,130.64,130.68,130.55,130.65,13158
2021-01-11 07:45:00,130.61,130.63,130.5,130.61,13962
2021-01-11 07:50:00,130.52,130.56,130.48,130.51,16216
2021-01-11 07:55:00,130.54,130.67,130.54,130.64,12234
2021-01-11 08:00:00,131.14,131.43,130.25,130.65,240400
2021-01-11 08:05:00,130.61,130.69,130.34,130.45,62766
2021-01-11 08:10:00,130.34,130.55,130.34,130.5,38218
2021-01-11 08:15:00,130.5,130.56,130.34,130.47,45290
2021-01-11 08:20:00,130.47,130.5,130.34,130.44,58133
2021-01-11 08:25:00,130.44,130.45,130.25,130.28,42277
2021-01-11 08:30:00,130.26,130.3,130.02,130.1,74966
2021-01-11 08:35:00,130.1,130.19,130.02,130.14,62905
2021-01-11 08:40:00,130.12,130.25,130.12,130.16,41697
2021-01-11 08:45:00,130.16,130.34,130.13,130.2,53491
2021-01-11 08:50:00,130.2,130.2,130.06,130.12,59866
2021-01-11 08:55:00,130.13,130.25,130.11,130.18,56419
2021-01-11 09:00:00,130.21,130.21,130.02,130.17,57191
2021-01-11 09:05:00,130.14,130.15,129.92,129.92,119498
2021-01-11 09:10:00,129.92,129.94,129.61,129.76,230223
2021-01-11 09:15:00,129.79,129.81,129.65,129.7,115212
2021-01-11 09:20:00,129.7,129.82,129.7,129.82,72059
2021-01-11 09:25:00,129.82,129.9,129.0,129.16,153819
2021-01-11 09:30:00,129.16,129.53,128.5,128.73,5848801
2021-01-11 09:35:00,128.735,129.16,128.55,129.101,2340922
2021-01-11 09:40:00,129.095,129.82,128.9,129.394,2275828
2021-01-11 09:45:00,129.394,129.43,128.82,129.02,1714871
2021-01-11 09:50:00,129.02,129.12,128.6,128.92,1834267
2021-01-11 09:55:00,128.902,129.53,128.889,129.425,1682106
2021-01-11 10:00:00,129.41,129.78,129.37,129.7,1541604
2021-01-11 10:05:00,129.69,130.17,129.64,129.953,2236666
2021-01-11 10:10:00,129.941,129.968,129.58,129.69,1423831
2021-01-11 10:15:00,129.69,130.0,129.59,129.81,1102244
2021-01-11 10:20:00,129.815,129.89,129.58,129.7,1113161
2021-01-11 10:25:00,129.71,130.08,129.621,130.0,1057145
2021-01-11 10:30:00,130.0,130.08,129.86,130.07,1022394
2021-01-11 10:35:00,130.07,130.11,129.66,129.955,1046498
2021-01-11 10:40:00,129.953,129.975,129.55,129.635,829771
2021-01-11 10:45:00,129.64,129.64,129.32,129.378,1153949
2021-01-11 10:50:00,129.375,129.685,129.35,129.48,800396
2021-01-11 10:55:00,129.48,129.71,129.46,129.57,718920
2021-01-11 11:00:00,129.56,129.64,129.32,129.49,883620
2021-01-11 11:05:00,129.48,129.62,129.35,129.514,712919
2021-01-11 11:10:00,129.526,129.526,129.03,129.17,1105970
2021-01-11 11:15:00,129.179,129.37,129.1,129.26,755196
2021-01-11 11:20:00,129.26,129.56,129.21,129.49,878269
2021-01-11 11:25:00,129.5,129.58,129.455,129.563,559939
2021-01-11 11:30:00,129.56,129.69,129.53,129.636,761599
2021-01-11 11:35:00,129.64,129.68,129.53,129.635,444414
2021-01-11 11:40:00,129.63,129.64,129.4,129.465,511467
2021-01-11 11:45:00,129.464,129.5,129.3,129.45,585525
2021-01-11 11:50:00,129.45,129.605,129.345,129.395,480726
2021-01-11 11:55:00,129.39,129.6,129.38,129.51,578695
2021-01-11 12:00:00,129.51,129.6,129.35,129.483,599265
2021-01-11 12:05:00,129.48,129.63,129.4,129.62,524374
2021-01-11 12:10:00,129.62,129.72,129.5,129.603,628866
2021-01-11 12:15:00,129.603,129.85,129.603,129.785,790802
2021-01-11 12:20:00,129.785,129.83,129.65,129.8,531642
2021-01-11 12:25:00,129.791,129.8,129.67,129.705,451860
2021-01-11 12:30:00,129.7,130.06,129.69,130.016,968435
2021-01-11 12:35:00,130.015,130.019,129.88,129.883,526432
2021-01-11 12:40:00,129.885,129.942,129.8,129.859,475287
2021-01-11 12:45:00,129.85,129.985,129.83,129.86,441287
2021-01-11 12:50:00,129.856,129.89,129.74,129.82,530002
2021-01-11 12:55:00,129.83,129.88,129.49,129.55,714835
2021-01-11 13:00:00,129.545,129.64,129.46,129.56,659411
2021-01-11 13:05:00,129.555,129.69,129.54,129.639,711201
2021-01-11 13:10:00,129.635,129.87,129.62,129.835,724980
2021-01-11 13:15:00,129.84,129.93,129.75,129.765,613235
2021-01-11 13:20:00,129.76,129.77,129.55,129.723,764216
2021-01-11 13:25:00,129.72,129.73,129.45,129.61,756117
2021-01-11 13:30:00,129.62,129.65,129.45,129.563,531878
2021-01-11 13:35:00,129.56,129.59,129.4,129.465,523373
2021-01-11 13:40:00,129.463,129.54,129.3,129.471,706348
2021-01-11 13:45:00,129.478,129.5,129.22,129.23,626688
2021-01-11 13:50:00,129.235,129.436,129.23,129.36,479087
2021-01-11 13:55:00,129.37,129.47,129.33,129.345,415875
2021-01-11 14:00:00,129.348,129.348,129.11,129.226,801159
2021-01-11 14:05:00,129.225,129.269,129.12,129.12,518311
2021-01-11 14:10:00,129.125,129.255,129.1,129.14,459886
2021-01-11 14:15:00,129.134,129.275,129.11,129.135,489836
2021-01-11 14:20:00,129.135,129.23,129.0,129.23,743860
2021-01-11 14:25:00,129.225,129.23,128.94,129.001,962368
2021-01-11 14:30:00,129.0,129.18,128.92,129.035,693385
2021-01-11 14:35:00,129.03,129.03,128.87,128.902,580259
2021-01-11 14:40:00,128.91,129.115,128.895,129.1,613062
2021-01-11 14:45:00,129.09,129.22,129.03,129.13,622651
2021-01-11 14:50:00,129.13,129.15,128.965,129.125,690765
2021-01-11 14:55:00,129.12,129.33,129.08,129.31,784834
2021-01-11 15:00:00,129.31,129.44,129.23,129.332,620421
2021-01-11 15:05:00,129.34,129.4,129.055,129.105,634207
2021-01-11 15:10:00,129.1,129.18,128.92,128.99,706701
2021-01-11 15:15:00,128.982,129.11,128.91,128.96,817026
2021-01-11 15:20:00,128.96,128.966,128.71,128.808,1085275
2021-01-11 15:25:00,128.8,128.945,128.69,128.738,895248
2021-01-11 15:30:00,128.735,128.97,128.718,128.814,916674
2021-01-11 15:35:00,128.81,128.96,128.75,128.775,811595
2021-01-11 15:40:00,128.778,128.97,128.745,128.89,768758
2021-01-11 15:45:00,128.89,129.16,128.865,129.1,1142280
2021-01-11 15:50:00,129.09,129.18,128.9,128.975,1486141
2021-01-11 15:55:00,128.98,129.12,128.899,128.98,2659512
2021-01-11 16:00:00,128.98,129.15,128.98,129.06,11784543
2021-01-11 16:05:00,129.07,129.08,129.0,129.04,16135
2021-01-11 16:10:00,129.05,129.07,128.999,129.02,44038
2021-01-11 16:15:00,129.03,129.06,128.961,129.04,11568
2021-01-11 16:20:00,129.04,129.05,129.01,129.01,12923
2021-01-11 16:25:00,129.01,129.05,129.01,129.01,12059
2021-01-11 16:30:00,129.02,129.04,129.01,129.03,14628
2021-01-11 16:35:00,129.03,129.03,128.98,129.01,45676
2021-01-11 16:40:00,128.99,129.02,128.99,129.0,7838
2021-01-11 16:45:00,129.0,129.01,128.95,128.95,13197
2021-01-11 16:50:00,129.0,129.0,128.95,128.97,13897
2021-01-11 16:55:00,128.96,128.97,128.95,128.95,7120
2021-01-11 17:00:00,128.96,128.97,128.95,128.95,12294
2021-01-11 17:05:00,128.95,128.98,128.95,128.98,7627
2021-01-11 17:10:00,128.99,129.0,128.96,128.96,6113
2021-01-11 17:15:00,128.97,128.98,128.95,128.95,9203
2021-01-11 17:20:00,128.95,128.96,128.95,128.95,3080
2021-01-11 17:25:00,128.96,129.0,128.96,128.96,5889
2021-01-11 17:30:00,128.96,128.99,128.92,128.92,23445
2021-01-11 17:35:00,128.92,128.95,128.91,128.94,5872
2021-01-11 17:40:00,128.92,128.96,128.92,128.93,4689
2021-01-11 17:45:00,128.95,128.99,128.92,128.99,12278
2021-01-11 17:50:00,128.99,129.02,128.97,129.02,7107
2021-01-11 17:55:00,129.0,129.05,129.0,129.05,8141
2021-01-11 18:00:00,129.02,129.06,128.97,129.04,6453
2021-01-11 18:05:00,129.01,129.04,128.98,129.02,2516
2021-01-11 18:10:00,129.02,129.1,129.02,129.09,11696
2021-01-11 18:15:00,129.1,129.11,129.03,129.06,4014
2021-01-11 18:20:00,129.06,129.13,129.06,129.1,2720
2021-01-11 18:25:00,129.1,129.1,129.04,129.07,4786
2021-01-11 18:30:00,129.07,129.16,129.07,129.12,24684
2021-01-11 18:35:00,129.16,129.16,129.11,129.14,4733
2021-01-11 18:40:00,129.14,129.17,129.1,129.14,12078
2021-01-11 18:45:00,129.14,129.17,129.11,129.12,6616
2021-01-11 18:50:00,129.15,129.17,129.11,129.14,9344
2021-01-11 18:55:00,129.12,129.12,129.1,129.12,6363
2021-01-11 19:00:00,129.14,129.15,129.09,129.1,10429
2021-01-11 19:05:00,129.1,129.13,129.04,129.13,14241
2021-01-11 19:10:00,129.1,129.11,129.1,129.1,2462
2021-01-11 19:15:00,129.11,129.14,129.1,129.12,9385
2021-01-11 19:20:00,129.12,129.14,129.11,129.11,3128
2021-01-11 19:25:00,129.11,129.24,129.11,129.17,13953
2021-01-11 19:30:00,129.12,129.16,129.11,129.11,3430
2021-01-11 19:35:00,129.1,129.11,129.06,129.06,6656
2021-01-11 19:40:00,129.05,129.1,129.05,129.1,5066
2021-01-11 19:45:00,129.11,129.24,129.11,129.19,23844
2021-01-11 19:50:00,129.21,129.24,129.2,129.2,10140
2021-01-11 19:55:00,129.2,129.22,129.14,129.15,25852
2021-01-12 04:00:00,129.1,129.4,129.1,129.4,3558
2021-01-12 04:05:00,129.35,129.37,129.0,129.13,6173
2021-01-12 04:10:00,129.17,129.33,129.17,129.33,680
2021-01-12 04:15:00,129.2,129.2,129.2,129.2,1400
2021-01-12 04:20:00,129.2,129.2,129.2,129.2,190
2021-01-12 04:25:00,129.23,129.23,129.23,129.23,300
2021-01-12 04:30:00,129.24,129.38,129.23,129.38,2383
2021-01-12 04:35:00,129.38,129.58,129.38,129.58,5553
2021-01-12 04:40:00,129.57,129.57,129.46,129.53,1302
2021-01-12 04:45:00,129.5,129.5,129.5,129.5,916
2021-01-12 04:50:00,129.63,129.63,129.57,129.57,1292
2021-01-12 04:55:00,129.52,129.62,129.52,129.62,322
2021-01-12 05:00:00,129.62,129.72,129.62,129.72,2346
2021-01-12 05:10:00,129.47,129.52,129.47,129.52,244
2021-01-12 05:15:00,129.47,129.47,129.47,129.47,1450
2021-01-12 05:20:00,129.51,129.9,129.51,129.9,4178
2021-01-12 05:25:00,129.73,129.73,129.45,129.45,1303
2021-01-12 05:30:00,129.56,129.56,129.55,129.55,1522
2021-01-12 05:35:00,129.45,129.5,129.45,129.48,1213
2021-01-12 05:45:00,129.39,129.4,129.38,129.38,1442
2021-01-12 05:50:00,129.34,129.41,129.13,129.41,1401
2021-01-12 06:00:00,129.49,129.5,129.49,129.5,789
2021-01-12 06:05:00,129.51,129.51,129.51,129.51,100
2021-01-12 06:10:00,129.46,129.46,129.34,129.41,2211
2021-01-12 06:15:00,129.34,129.48,129.3,129.33,1414
2021-01-12 06:20:00,129.41,129.66,129.41,129.66,2772
2021-01-12 06:25:00,129.66,129.66,129.61,129.66,2976
2021-01-12 06:30:00,129.66,129.79,129.66,129.78,3391
2021-01-12 06:35:00,129.79,129.87,129.7,129.74,2508
2021-01-12 06:40:00,129.7,129.7,129.56,129.69,3584
2021-01-12 06:45:00,129.7,129.7,129.54,129.55,2652
2021-01-12 06:50:00,129.51,129.51,129.51,129.51,842
2021-01-12 06:55:00,129.6,129.6,129.5,129.5,11343
2021-01-12 07:00:00,129.49,129.74,129.4,129.73,54555
2021-01-12 07:05:00,129.74,129.95,129.71,129.81,57117
2021-01-12 07:10:00,129.81,129.97,129.73,129.85,53417
2021-01-12 07:15:00,129.8,129.88,129.78,129.81,10245
2021-01-12 07:20:00,129.8,129.85,129.78,129.83,12200
2021-01-12 07:25:00,129.85,129.85,129.8,129.83,7030
2021-01-12 07:30:00,129.81,129.81,129.7,129.74,6729
2021-01-12 07:35:00,129.74,129.75,129.67,129.67,7487
2021-01-12 07:40:00,129.69,129.75,129.62,129.63,9542
2021-01-12 07:45:00,129.62,129.7,129.62,129.7,10066
2021-01-12 07:50:00,129.72,129.77,129.62,129.62,20313
2021-01-12 07:55:00,129.67,129.67,129.57,129.65,21836
2021-01-12 08:00:00,129.428,129.95,129.3,129.57,156954
2021-01-12 08:05:00,129.56,129.57,129.52,129.54,27591
2021-01-12 08:10:00,129.54,129.56,129.29,129.4,42797
2021-01-12 08:15:00,129.38,129.51,129.31,129.4,44631
2021-01-12 08:20:00,129.38,129.41,129.17,129.2,47958
2021-01-12 08:25:00,129.2,129.28,129.1,129.22,56203
2021-01-12 08:30:00,129.2,129.34,129.2,129.31,18620
2021-01-12 08:35:00,129.31,129.33,129.15,129.21,21919
2021-01-12 08:40:00,129.21,129.21,128.91,128.96,88538
2021-01-12 08:45:00,128.93,129.08,128.92,129.04,21230
2021-01-12 08:50:00,129.04,129.18,128.92,129.16,52038
2021-01-12 08:55:00,129.16,129.17,128.61,128.88,95921
2021-01-12 09:00:00,128.86,128.95,128.75,128.82,47857
2021-01-12 09:05:00,128.81,128.86,128.6,128.74,57659
2021-01-12 09:10:00,128.74,128.76,128.66,128.7,32006
2021-01-12 09:15:00,128.7,128.8,128.65,128.74,51265
2021-01-12 09:20:00,128.74,128.96,128.7,128.9,48118
2021-01-12 09:25:00,128.92,128.93,128.51,128.52,111328
2021-01-12 09:30:00,128.52,129.63,128.26,129.25,3722842
2021-01-12 09:35:00,129.262,129.69,129.2,129.51,1878906
2021-01-12 09:40:00,129.52,129.55,129.02,129.17,1361048
2021-01-12 09:45:00,129.17,129.23,128.35,128.407,1685312
2021-01-12 09:50:00,128.41,128.59,128.08,128.43,2039716
2021-01-12 09:55:00,128.43,128.57,128.18,128.36,1353033
2021-01-12 10:00:00,128.36,128.59,128.18,128.475,1199418
2021-01-12 10:05:00,128.476,128.66,128.31,128.594,931392
2021-01-12 10:10:00,128.594,128.758,128.295,128.4,985240
2021-01-12 10:15:00,128.393,128.66,128.21,128.645,1048063
2021-01-12 10:20:00,128.659,128.85,128.52,128.827,813941
2021-01-12 10:25:00,128.83,129.13,128.79,129.0,1300266
2021-01-12 10:30:00,129.03,129.33,129.0,129.155,1225319
2021-01-12 10:35:00,129.155,129.29,128.89,128.93,974994
2021-01-12 10:40:00,128.944,129.14,128.76,129.01,970130
2021-01-12 10:45:00,129.015,129.18,128.82,129.033,790034
2021-01-12 10:50:00,129.03,129.205,128.89,129.04,822425
2021-01-12 10:55:00,129.035,129.04,128.82,128.91,766942
2021-01-12 11:00:00,128.91,128.92,128.6,128.787,1063259
2021-01-12 11:05:00,128.78,128.86,128.63,128.702,725619
2021-01-12 11:10:00,128.71,129.065,128.71,129.04,817999
2021-01-12 11:15:00,129.022,129.17,128.99,129.15,631899
2021-01-12 11:20:00,129.15,129.18,128.832,128.875,641511
2021-01-12 11:25:00,128.871,128.875,128.66,128.714,737510
2021-01-12 11:30:00,128.71,128.72,128.52,128.638,853162
2021-01-12 11:35:00,128.63,128.64,128.5,128.552,622140
2021-01-12 11:40:00,128.55,128.56,128.37,128.51,845404
2021-01-12 11:45:00,128.51,128.51,128.25,128.4,829775
2021-01-12 11:50:00,128.39,128.458,128.15,128.267,913567
2021-01-12 11:55:00,128.26,128.42,128.17,128.355,770685
2021-01-12 12:00:00,128.358,128.39,127.92,127.98,1797116
2021-01-12 12:05:00,127.99,127.99,127.47,127.63,1910698
2021-01-12 12:10:00,127.63,127.72,126.91,127.14,2641333
2021-01-12 12:15:00,127.14,127.44,126.86,127.33,1738355
2021-01-12 12:20:00,127.338,127.48,127.21,127.34,882514
2021-01-12 12:25:00,127.32,127.62,127.305,127.6,804875
2021-01-12 12:30:00,127.605,127.71,127.48,127.676,711175
2021-01-12 12:35:00,127.671,127.99,127.58,127.98,851189
2021-01-12 12:40:00,127.985,127.99,127.63,127.875,777665
2021-01-12 12:45:00,127.875,127.93,127.675,127.755,572594
2021-01-12 12:50:00,127.75,127.94,127.723,127.87,509309
2021-01-12 12:55:00,127.873,127.97,127.842,127.945,420969
2021-01-12 13:00:00,127.95,128.09,127.88,128.025,745300
2021-01-12 13:05:00,128.027,128.1,127.81,127.905,703426
2021-01-12 13:10:00,127.905,128.12,127.905,128.08,583815
2021-01-12 13:15:00,128.07,128.08,127.77,127.8,603392
2021-01-12 13:20:00,127.79,127.996,127.71,127.911,698960
2021-01-12 13:25:00,127.915,128.38,127.851,128.283,659255
2021-01-12 13:30:00,128.282,128.44,128.14,128.36,851833
2021-01-12 13:35:00,128.365,128.42,128.28,128.35,482955
2021-01-12 13:40:00,128.35,128.36,128.25,128.29,384372
2021-01-12 13:45:00,128.295,128.32,128.11,128.13,399492
2021-01-12 13:50:00,128.13,128.24,128.08,128.14,555561
2021-01-12 13:55:00,128.15,128.26,128.12,128.195,374479
2021-01-12 14:00:00,128.195,128.64,128.17,128.595,875186
2021-01-12 14:05:00,128.595,128.64,128.38,128.425,669768
2021-01-12 14:10:00,128.425,128.49,128.331,128.385,534718
2021-01-12 14:15:00,128.385,128.52,128.37,128.43,450564
2021-01-12 14:20:00,128.424,128.52,128.32,128.44,610851
2021-01-12 14:25:00,128.432,128.59,128.315,128.491,579645
2021-01-12 14:30:00,128.49,128.79,128.47,128.746,815962
2021-01-12 14:35:00,128.74,128.75,128.49,128.49,595297
2021-01-12 14:40:00,128.495,128.59,128.34,128.37,640741
2021-01-12 14:45:00,128.375,128.38,128.14,128.28,780063
2021-01-12 14:50:00,128.28,128.3,128.089,128.11,562605
2021-01-12 14:55:00,128.12,128.42,128.08,128.4,682531
2021-01-12 15:00:00,128.4,128.54,128.27,128.417,761264
2021-01-12 15:05:00,128.418,128.48,128.2,128.399,628364
2021-01-12 15:10:00,128.39,128.46,128.29,128.305,506815
2021-01-12 15:15:00,128.305,128.48,128.3,128.44,635248
2021-01-12 15:20:00,128.444,128.67,128.41,128.6,694538
2021-01-12 15:25:00,128.6,128.62,128.492,128.54,527437
2021-01-12 15:30:00,128.53,128.61,128.47,128.55,538531
2021-01-12 15:35:00,128.555,128.71,128.515,128.69,601310
2021-01-12 15:40:00,128.688,128.85,128.675,128.79,833861
2021-01-12 15:45:00,128.79,129.12,128.76,129.06,1329677
2021-01-12 15:50:00,129.06,129.16,128.68,128.884,1437961
2021-01-12 15:55:00,128.88,129.19,128.8,128.82,2425520
2021-01-12 16:00:00,128.8,129.0,127.895,128.85,5067776
2021-01-12 16:05:00,128.84,128.85,128.72,128.74,28308
2021-01-12 16:10:00,128.75,128.8,128.74,128.79,13684
2021-01-12 16:15:00,128.77,128.78,128.68,128.74,12395
2021-01-12 16:20:00,128.7,128.75,128.7,128.7,13112
2021-01-12 16:25:00,128.7,128.819,128.68,128.76,17340
2021-01-12 16:30:00,128.79,128.95,128.76,128.92,25735
2021-01-12 16:35:00,128.91,128.91,128.8,128.82,10554
2021-01-12 16:40:00,128.86,128.88,128.8,128.84,8218
2021-01-12 16:45:00,128.84,128.95,128.84,128.95,17507
2021-01-12 16:50:00,128.97,128.97,128.91,128.97,14458
2021-01-12 16:55:00,128.96,128.97,128.91,128.95,10713
2021-01-12 17:00:00,128.94,128.96,128.91,128.91,5889
2021-01-12 17:05:00,128.91,128.92,128.85,128.85,7451
2021-01-12 17:10:00,128.86,128.88,128.85,128.86,9834
2021-01-12 17:15:00,128.86,128.9,128.8,128.86,702854
2021-01-12 17:20:00,128.88,128.95,128.85,128.94,11776
2021-01-12 17:25:00,128.92,128.95,128.88,128.94,8504
2021-01-12 17:30:00,128.92,128.96,128.92,128.94,11928
2021-01-12 17:35:00,128.94,128.94,128.9,128.92,6024
2021-01-12 17:40:00,128.9,128.98,128.9,128.98,10733
2021-01-12 17:45:00,128.95,128.99,128.95,128.95,7666
2021-01-12 17:50:00,128.98,128.98,128.91,128.98,7995
2021-01-12 17:55:00,128.98,128.98,128.87,128.9,9529
2021-01-12 18:00:00,128.9,128.9,128.81,128.85,6003
2021-01-12 18:05:00,128.85,128.9,128.81,128.88,8593
2021-01-12 18:10:00,128.88,128.9,128.88,128.9,2689
2021-01-12 18:15:00,128.9,128.9,128.88,128.89,8963
2021-01-12 18:20:00,128.92,128.98,128.9,128.9,6786
2021-01-12 18:25:00,128.98,128.98,128.9,128.94,10208
2021-01-12 18:30:00,128.94,128.94,128.85,128.86,3030
2021-01-12 18:35:00,128.86,128.86,128.8,128.85,5380
2021-01-12 18:40:00,128.85,128.94,128.82,128.94,6531
2021-01-12 18:45:00,128.85,128.9,128.85,128.9,5249
2021-01-12 18:50:00,128.87,128.9,128.85,128.88,5912
2021-01-12 18:55:00,128.88,129.0,128.86,129.0,12940
2021-01-12 19:00:00,128.99,129.0,128.98,128.99,11760
2021-01-12 19:05:00,128.99,129.0,128.98,128.99,9088
2021-01-12 19:10:00,129.0,129.0,128.99,129.0,2271
2021-01-12 19:15:00,128.99,129.05,128.95,129.05,9962
2021-01-12 19:20:00,129.05,129.1,129.0,129.1,9058
2021-01-12 19:25:00,129.08,129.15,129.08,129.14,10540
2021-01-12 19:30:00,129.12,129.16,129.12,129.16,6984
2021-01-12 19:35:00,129.17,129.2,129.15,129.16,13985
2021-01-12 19:40:00,129.17,129.17,129.14,129.17,5252
2021-01-12 19:45:00,129.13,129.16,129.03,129.13,10657
2021-01-12 19:50:00,129.1,129.2,129.05,129.19,9926
2021-01-12 19:55:00,129.19,129.23,129.15,129.22,20825
2021-01-13 04:00:00,129.3,130.0,129.3,129.71,5366
2021-01-13 04:05:00,129.7,129.75,129.7,129.7,1234
2021-01-13 04:10:00,129.62,129.71,129.62,129.65,2277
2021-01-13 04:15:00,129.6,129.6,129.6,129.6,100
2021-01-13 04:20:00,129.62,129.62,129.6,129.6,534
2021-01-13 04:25:00,129.61,129.61,129.6,129.61,938
2021-01-13 04:30:00,129.62,129.62,129.62,129.62,120
2021-01-13 04:35:00,129.61,129.69,129.61,129.69,463
2021-01-13 04:40:00,129.7,129.74,129.69,129.69,740
2021-01-13 04:45:00,129.77,129.82,129.77,129.81,651
2021-01-13 04:50:00,129.8,129.8,129.8,129.8,539
2021-01-13 04:55:00,129.8,129.82,129.68,129.82,6032
2021-01-13 05:00:00,129.78,129.82,129.78,129.81,1278
2021-01-13 05:05:00,129.82,129.89,129.82,129.89,4397
2021-01-13 05:10:00,129.9,129.95,129.89,129.95,6585
2021-01-13 05:15:00,129.95,129.98,129.92,129.98,4181
2021-01-13 05:20:00,129.98,130.0,129.92,129.97,4593
2021-01-13 05:25:00,129.95,129.95,129.7,129.7,8000
2021-01-13 05:30:00,129.7,129.7,129.46,129.46,4753
2021-01-13 05:35:00,129.48,129.58,129.45,129.49,6442
2021-01-13 05:40:00,129.5,129.5,129.5,129.5,474
2021-01-13 05:45:00,129.64,129.76,129.64,129.75,1128
2021-01-13 05:50:00,129.73,129.75,129.73,129.75,400
2021-01-13 05:55:00,129.73,129.84,129.7,129.7,3148
2021-01-13 06:00:00,129.79,129.87,129.78,129.8,2384
2021-01-13 06:05:00,129.76,129.79,129.6,129.79,2985
2021-01-13 06:10:00,129.8,129.8,129.8,129.8,250
2021-01-13 06:15:00,129.89,129.92,129.89,129.92,3273
2021-01-13 06:20:00,129.91,129.91,129.23,129.44,3272
2021-01-13 06:25:00,129.7,129.7,129.3,129.5,8888
2021-01-13 06:30:00,129.5,129.5,129.3,129.36,3796
2021-01-13 06:35:00,129.5,129.5,129.5,129.5,400
2021-01-13 06:40:00,129.55,129.55,129.55,129.55,100
2021-01-13 06:45:00,129.79,129.85,129.79,129.85,2689
2021-01-13 06:50:00,129.68,129.8,129.68,129.8,2143
2021-01-13 06:55:00,129.73,129.73,129.6,129.67,1054
2021-01-13 07:00:00,129.73,129.8,129.24,129.48,73694
2021-01-13 07:05:00,129.45,129.67,129.45,129.62,40997
2021-01-13 07:10:00,129.58,129.58,129.27,129.29,16287
2021-01-13 07:15:00,129.28,129.28,129.1,129.11,40374
2021-01-13 07:20:00,129.14,129.3,129.06,129.3,16727
2021-01-13 07:25:00,129.31,129.31,128.9,129.15,43367
2021-01-13 07:30:00,129.15,129.16,128.85,129.05,26657
2021-01-13 07:35:00,129.03,129.09,128.85,129.0,34878
2021-01-13 07:40:00,128.99,129.09,128.98,129.05,29928
2021-01-13 07:45:00,129.09,129.16,129.09,129.1,30949
2021-01-13 07:50:00,129.11,129.12,128.93,128.95,10571
2021-01-13 07:55:00,128.92,128.92,128.66,128.9,30464
2021-01-13 08:00:00,129.39,129.7,128.7,128.92,148880
2021-01-13 08:05:00,128.9,128.95,128.41,128.43,47414
2021-01-13 08:10:00,128.41,128.66,128.29,128.64,46169
2021-01-13 08:15:00,128.66,128.7,128.6,128.65,14383
2021-01-13 08:20:00,128.65,128.8,128.65,128.78,12912
2021-01-13 08:25:00,128.77,128.79,128.71,128.79,13893
2021-01-13 08:30:00,128.8,129.2,128.79,129.1,74785
2021-01-13 08:35:00,129.1,129.18,129.01,129.15,27978
2021-01-13 08:40:00,129.15,129.28,129.12,129.14,42031
2021-01-13 08:45:00,129.12,129.19,129.12,129.17,12461
2021-01-13 08:50:00,129.179,129.23,129.0,129.01,31468
2021-01-13 08:55:00,129.01,129.2,128.92,129.17,38764
2021-01-13 09:00:00,129.16,129.2,128.82,128.91,57123
2021-01-13 09:05:00,128.94,129.0,128.8,129.0,49003
2021-01-13 09:10:00,129.0,129.08,128.9,129.05,27313
2021-01-13 09:15:00,129.06,129.09,129.0,129.05,37898
2021-01-13 09:20:00,129.05,129.05,128.86,128.96,42979
2021-01-13 09:25:00,128.96,129.0,128.61,128.69,56658
2021-01-13 09:30:00,128.69,129.428,128.49,129.286,3263645
2021-01-13 09:35:00,129.27,129.73,129.17,129.27,1882395
2021-01-13 09:40:00,129.273,129.59,128.87,128.935,1557454
2021-01-13 09:45:00,128.944,129.7,128.931,129.7,1499282
2021-01-13 09:50:00,129.7,130.14,129.66,130.121,2511847
2021-01-13 09:55:00,130.127,130.2,129.82,129.83,1294254
2021-01-13 10:00:00,129.83,129.98,129.34,129.36,1472140
2021-01-13 10:05:00,129.367,129.95,129.35,129.759,1518269
2021-01-13 10:10:00,129.75,129.98,129.66,129.82,1285451
2021-01-13 10:15:00,129.82,129.92,129.32,129.53,1305027
2021-01-13 10:20:00,129.55,129.82,129.36,129.8,855396
2021-01-13 10:25:00,129.8,130.16,129.79,130.044,1230724
2021-01-13 10:30:00,130.05,130.355,130.05,130.28,1399527
2021-01-13 10:35:00,130.271,130.72,130.26,130.706,1391080
2021-01-13 10:40:00,130.716,130.88,130.7,130.823,1400451
2021-01-13 10:45:00,130.81,131.26,130.81,131.175,1647124
2021-01-13 10:50:00,131.18,131.2,130.83,130.947,1169239
2021-01-13 10:55:00,130.95,131.045,130.73,131.03,1091118
2021-01-13 11:00:00,131.031,131.12,130.84,130.89,1105746
2021-01-13 11:05:00,130.88,131.42,130.88,131.356,1269015
2021-01-13 11:10:00,131.35,131.36,130.96,131.133,920217
2021-01-13 11:15:00,131.135,131.14,130.82,130.9,805613
2021-01-13 11:20:00,130.9,131.19,130.9,131.189,988844
2021-01-13 11:25:00,131.184,131.44,131.15,131.25,1102459
2021-01-13 11:30:00,131.24,131.38,131.08,131.21,936551
2021-01-13 11:35:00,131.22,131.31,130.721,131.04,1308825
2021-01-13 11:40:00,131.036,131.44,130.96,131.419,1076230
2021-01-13 11:45:00,131.41,131.45,131.27,131.295,917342
2021-01-13 11:50:00,131.295,131.33,131.09,131.11,598847
2021-01-13 11:55:00,131.1,131.38,131.08,131.15,767978
2021-01-13 12:00:00,131.16,131.19,130.67,130.795,1245785
2021-01-13 12:05:00,130.791,130.89,130.5,130.522,945892
2021-01-13 12:10:00,130.53,130.824,130.51,130.81,985518
2021-01-13 12:15:00,130.81,130.94,130.63,130.63,927914
2021-01-13 12:20:00,130.64,130.79,130.6,130.615,503858
2021-01-13 12:25:00,130.62,130.8,130.55,130.723,589225
2021-01-13 12:30:00,130.725,130.81,130.51,130.625,669603
2021-01-13 12:35:00,130.63,130.65,130.41,130.635,655146
2021-01-13 12:40:00,130.64,130.85,130.49,130.83,747644
2021-01-13 12:45:00,130.825,130.92,130.8,130.856,510725
2021-01-13 12:50:00,130.855,131.08,130.83,131.03,764969
2021-01-13 12:55:00,131.035,131.185,130.984,131.13,861384
2021-01-13 13:00:00,131.12,131.29,130.98,131.23,716472
2021-01-13 13:05:00,131.229,131.29,131.08,131.13,462287
2021-01-13 13:10:00,131.14,131.21,131.09,131.19,353685
2021-01-13 13:15:00,131.19,131.25,131.01,131.074,461281
2021-01-13 13:20:00,131.07,131.07,130.87,130.91,492079
2021-01-13 13:25:00,130.92,130.98,130.77,130.89,529750
2021-01-13 13:30:00,130.885,130.89,130.8,130.855,324069
2021-01-13 13:35:00,130.855,131.089,130.82,131.05,555784
2021-01-13 13:40:00,131.05,131.057,130.83,130.893,397397
2021-01-13 13:45:00,130.892,130.943,130.81,130.87,328866
2021-01-13 13:50:00,130.87,130.92,130.835,130.865,254784
2021-01-13 13:55:00,130.865,130.91,130.785,130.855,354321
2021-01-13 14:00:00,130.855,131.2,130.731,131.064,811607
2021-01-13 14:05:00,131.06,131.12,130.86,130.91,540665
2021-01-13 14:10:00,130.9,131.02,130.87,131.01,345757
2021-01-13 14:15:00,131.01,131.04,130.94,130.96,374449
2021-01-13 14:20:00,130.955,130.995,130.75,130.86,688248
2021-01-13 14:25:00,130.864,130.99,130.81,130.92,458367
2021-01-13 14:30:00,130.92,131.024,130.91,130.97,430555
2021-01-13 14:35:00,130.97,131.05,130.9,131.05,415740
2021-01-13 14:40:00,131.05,131.14,130.84,130.85,678203
2021-01-13 14:45:00,130.855,131.096,130.85,131.05,477999
2021-01-13 14:50:00,131.03,131.08,131.01,131.06,268688
2021-01-13 14:55:00,131.06,131.06,130.87,131.0,456181
2021-01-13 15:00:00,131.01,131.08,130.98,130.985,410207
2021-01-13 15:05:00,130.99,131.0,130.855,130.94,470889
2021-01-13 15:10:00,130.94,130.99,130.875,130.91,407139
2021-01-13 15:15:00,130.915,130.96,130.87,130.95,325034
2021-01-13 15:20:00,130.94,130.97,130.73,130.825,699089
2021-01-13 15:25:00,130.82,130.85,130.63,130.675,567578
2021-01-13 15:30:00,130.675,130.89,130.6,130.83,736080
2021-01-13 15:35:00,130.83,130.85,130.76,130.85,431991
2021-01-13 15:40:00,130.86,131.13,130.85,131.037,1114829
2021-01-13 15:45:00,131.035,131.075,130.97,131.025,696429
2021-01-13 15:50:00,131.03,131.06,130.845,130.99,1153351
2021-01-13 15:55:00,130.98,131.1,130.87,130.89,2183892
2021-01-13 16:00:00,131.18,131.18,130.86,130.88,8510723
2021-01-13 16:05:00,130.88,130.93,130.87,130.89,36303
2021-01-13 16:10:00,130.87,130.9,130.87,130.89,13718
2021-01-13 16:15:00,130.89,130.9,130.87,130.87,8644
2021-01-13 16:20:00,130.88,130.88,130.75,130.8,18715
2021-01-13 16:25:00,130.78,130.8,130.77,130.79,10649
2021-01-13 16:30:00,130.79,130.85,130.78,130.79,15968
2021-01-13 16:35:00,130.82,130.89,130.82,130.88,9321
2021-01-13 16:40:00,130.89,130.89,130.82,130.85,12273
2021-01-13 16:45:00,130.85,130.85,130.78,130.82,4880
2021-01-13 16:50:00,130.84,130.84,130.79,130.79,2955
2021-01-13 16:55:00,130.84,130.84,130.8,130.83,4754
2021-01-13 17:00:00,130.79,130.84,130.79,130.84,2418
2021-01-13 17:05:00,130.84,130.84,130.78,130.78,5339
2021-01-13 17:10:00,130.79,130.79,130.77,130.77,4302
2021-01-13 17:15:00,130.78,130.82,130.77,130.82,2285
2021-01-13 17:20:00,130.82,130.82,130.76,130.76,1736
2021-01-13 17:25:00,130.8,130.85,130.8,130.84,2266
2021-01-13 17:30:00,130.84,130.85,130.8,130.81,3141
2021-01-13 17:35:00,130.81,130.85,130.81,130.84,2019
2021-01-13 17:40:00,130.84,130.85,130.8,130.85,7117
2021-01-13 17:45:00,130.8,130.89,130.8,130.89,7848
2021-01-13 17:50:00,130.89,130.92,130.89,130.91,4000
2021-01-13 17:55:00,130.93,130.93,130.87,130.93,6380
2021-01-13 18:00:00,130.93,130.94,130.87,130.87,7623
2021-01-13 18:05:00,130.86,130.9,130.81,130.9,3349
2021-01-13 18:10:00,130.9,131.1,130.89,131.04,17880
2021-01-13 18:15:00,131.08,131.09,130.92,131.09,3624
2021-01-13 18:20:00,130.99,131.06,130.95,131.06,6260
2021-01-13 18:25:00,131.04,131.09,131.03,131.03,6914
2021-01-13 18:30:00,131.01,131.05,131.01,131.05,3920
2021-01-13 18:35:00,131.08,131.11,131.05,131.09,18883
2021-01-13 18:40:00,131.0,131.09,131.0,131.09,6057
2021-01-13 18:45:00,131.03,131.03,131.0,131.0,2600
2021-01-13 18:50:00,131.02,131.08,131.02,131.05,4510
2021-01-13 18:55:00,131.04,131.08,130.99,131.03,3299
2021-01-13 19:00:00,130.95,131.03,130.95,131.0,2511
2021-01-13 19:05:00,131.07,131.07,131.0,131.06,5145
2021-01-13 19:10:00,131.06,131.06,131.01,131.01,2947
2021-01-13 19:15:00,131.05,131.09,131.05,131.09,7107
2021-01-13 19:20:00,131.1,131.1,131.05,131.09,3882
2021-01-13 19:25:00,131.08,131.19,131.08,131.15,8760
2021-01-13 19:30:00,131.15,131.17,131.08,131.15,16086
2021-01-13 19:35:00,131.15,131.17,131.13,131.17,7272
2021-01-13 19:40:00,131.16,131.22,131.06,131.22,14456
2021-01-13 19:45:00,131.22,131.25,131.19,131.22,15500
2021-01-13 19:50:00,131.18,131.25,131.15,131.23,9063
2021-01-13 19:55:00,131.23,131.28,131.2,131.28,21201
2021-01-14 04:00:00,131.2,131.2,131.0,131.0,1717
2021-01-14 04:05:00,131.0,131.0,130.69,130.69,2799
2021-01-14 04:10:00,130.97,130.98,130.71,130.71,1192
2021-01-14 04:15:00,130.84,130.84,130.8,130.8,879
2021-01-14 04:20:00,130.8,130.8,130.52,130.52,1212
2021-01-14 04:25:00,130.61,130.61,130.61,130.61,100
2021-01-14 04:30:00,130.69,130.69,130.69,130.69,110
2021-01-14 04:35:00,130.68,130.68,130.66,130.66,3587
2021-01-14 04:40:00,130.66,130.66,130.6,130.6,585
2021-01-14 04:45:00,130.52,130.52,130.28,130.49,1375
2021-01-14 04:50:00,130.28,130.49,130.28,130.35,3841
2021-01-14 04:55:00,130.35,130.35,130.25,130.3,2797
2021-01-14 05:00:00,130.27,130.3,130.13,130.2,2384
2021-01-14 05:05:00,130.2,130.26,130.2,130.26,1516
2021-01-14 05:10:00,130.4,130.4,130.4,130.4,578
2021-01-14 05:15:00,130.36,130.36,130.36,130.36,194
2021-01-14 05:20:00,130.34,130.4,130.32,130.39,750
2021-01-14 05:25:00,130.4,130.4,130.01,130.16,5586
2021-01-14 05:30:00,130.2,130.3,130.2,130.3,564
2021-01-14 05:35:00,130.3,130.3,130.0,130.1,2831
2021-01-14 05:40:00,130.36,130.36,130.3,130.3,216
2021-01-14 05:50:00,130.25,130.25,130.25,130.25,184
2021-01-14 05:55:00,130.17,130.3,130.17,130.3,648
2021-01-14 06:00:00,130.39,130.41,130.39,130.41,282
2021-01-14 06:05:00,130.41,130.65,130.41,130.57,3825
2021-01-14 06:10:00,130.52,130.52,130.45,130.5,1200
2021-01-14 06:15:00,130.5,130.52,130.5,130.52,473
2021-01-14 06:20:00,130.57,130.57,130.57,130.57,393
2021-01-14 06:25:00,130.25,130.41,130.08,130.1,3898
2021-01-14 06:40:00,130.4,130.4,130.2,130.2,855
2021-01-14 06:45:00,130.4,130.55,130.4,130.55,534
2021-01-14 06:50:00,130.6,130.62,130.55,130.55,4152
2021-01-14 06:55:00,130.6,130.6,130.55,130.6,3250
2021-01-14 07:00:00,130.64,130.8,130.6,130.79,44325
2021-01-14 07:05:00,130.79,130.81,130.56,130.66,27884
2021-01-14 07:10:00,130.66,130.77,130.61,130.76,18694
2021-01-14 07:15:00,130.77,130.86,130.73,130.79,25643
2021-01-14 07:20:00,130.82,130.82,130.74,130.8,18338
2021-01-14 07:25:00,130.76,130.82,130.75,130.79,13287
2021-01-14 07:30:00,130.79,130.83,130.6,130.64,25733
2021-01-14 07:35:00,130.65,130.8,130.65,130.78,9668
2021-01-14 07:40:00,130.82,130.83,130.71,130.75,9716
2021-01-14 07:45:00,130.77,130.89,130.76,130.78,8190
2021-01-14 07:50:00,130.79,130.889,130.77,130.889,3988
2021-01-14 07:55:00,130.89,130.96,130.83,130.85,23661
2021-01-14 08:00:00,130.75,130.95,130.6,130.7,77304
2021-01-14 08:05:00,130.73,130.8,130.65,130.69,18306
2021-01-14 08:10:00,130.65,130.74,130.63,130.684,14411
2021-01-14 08:15:00,130.7,130.78,130.67,130.71,18941
2021-01-14 08:20:00,130.73,130.77,130.71,130.75,10525
2021-01-14 08:25:00,130.75,130.8,130.7,130.8,19404
2021-01-14 08:30:00,130.77,130.77,130.67,130.7,19629
2021-01-14 08:35:00,130.7,130.84,130.7,130.84,13771
2021-01-14 08:40:00,130.86,130.95,130.81,130.85,21495
2021-01-14 08:45:00,130.82,131.16,130.81,131.07,37467
2021-01-14 08:50:00,131.07,131.08,130.91,130.95,30456
2021-01-14 08:55:00,130.97,130.99,130.9,130.97,22868
2021-01-14 09:00:00,130.98,131.07,130.82,130.9,31757
2021-01-14 09:05:00,130.88,130.9,130.8,130.83,36066
2021-01-14 09:10:00,130.83,131.0,130.83,130.99,22621
2021-01-14 09:15:00,130.95,130.99,130.82,130.87,34963
2021-01-14 09:20:00,130.87,130.88,130.64,130.75,54397
2021-01-14 09:25:00,130.75,130.87,130.7,130.8,38822
2021-01-14 09:30:00,130.8,131.0,130.08,130.42,3093858
2021-01-14 09:35:00,130.4,130.7,130.0,130.24,1861805
2021-01-14 09:40:00,130.235,130.47,129.8,130.212,2054193
2021-01-14 09:45:00,130.22,130.36,129.98,130.14,1457747
2021-01-14 09:50:00,130.13,130.245,129.664,129.929,1715334
2021-01-14 09:55:00,129.92,130.21,129.79,130.01,1447646
2021-01-14 10:00:00,130.0,130.09,129.8,129.918,1033730
2021-01-14 10:05:00,129.913,129.97,129.66,129.71,1141292
2021-01-14 10:10:00,129.72,130.09,129.6,129.92,1579471
2021-01-14 10:15:00,129.91,130.17,129.88,130.065,984244
2021-01-14 10:20:00,130.07,130.07,129.74,129.864,964266
2021-01-14 10:25:00,129.863,130.36,129.85,130.255,1286315
2021-01-14 10:30:00,130.255,130.49,130.18,130.22,1407502
2021-01-14 10:35:00,130.228,130.56,130.04,130.44,1279960
2021-01-14 10:40:00,130.45,130.695,130.45,130.655,1148799
2021-01-14 10:45:00,130.66,130.81,130.61,130.705,1130865
2021-01-14 10:50:00,130.7,130.87,130.65,130.68,919181
2021-01-14 10:55:00,130.66,130.69,130.47,130.623,870446
2021-01-14 11:00:00,130.63,130.66,130.41,130.435,763397
2021-01-14 11:05:00,130.432,130.57,130.34,130.4,596141
2021-01-14 11:10:00,130.4,130.67,130.37,130.631,663739
2021-01-14 11:15:00,130.63,130.7,130.15,130.18,847661
2021-01-14 11:20:00,130.17,130.34,130.17,130.33,687603
2021-01-14 11:25:00,130.325,130.41,130.26,130.395,550108
2021-01-14 11:30:00,130.398,130.509,130.31,130.42,606078
2021-01-14 11:35:00,130.41,130.42,130.05,130.15,892505
2021-01-14 11:40:00,130.15,130.26,130.122,130.21,396983
2021-01-14 11:45:00,130.218,130.26,129.92,129.957,749693
2021-01-14 11:50:00,129.957,130.065,129.91,129.995,541134
2021-01-14 11:55:00,129.99,130.02,129.86,130.0,583484
2021-01-14 12:00:00,129.995,130.08,129.905,129.99,574394
2021-01-14 12:05:00,130.0,130.08,129.83,129.84,604830
2021-01-14 12:10:00,129.83,130.02,129.76,130.018,694770
2021-01-14 12:15:00,130.008,130.05,129.911,129.98,457212
2021-01-14 12:20:00,129.99,130.08,129.981,130.07,438459
2021-01-14 12:25:00,130.06,130.08,129.98,130.02,410447
2021-01-14 12:30:00,130.02,130.08,129.96,130.03,384994
2021-01-14 12:35:00,130.025,130.04,129.78,129.83,570025
2021-01-14 12:40:00,129.83,129.83,129.54,129.634,952165
2021-01-14 12:45:00,129.635,129.74,129.54,129.72,560352
2021-01-14 12:50:00,129.71,129.98,129.7,129.975,738106
2021-01-14 12:55:00,129.97,130.2,129.97,130.13,739890
2021-01-14 13:00:00,130.132,130.133,129.975,130.01,551824
2021-01-14 13:05:00,130.02,130.04,129.98,130.002,358807
2021-01-14 13:10:00,130.007,130.01,129.915,129.92,316841
2021-01-14 13:15:00,129.93,129.93,129.84,129.87,425838
2021-01-14 13:20:00,129.86,130.06,129.779,129.878,613559
2021-01-14 13:25:00,129.87,129.91,129.72,129.773,498476
2021-01-14 13:30:00,129.77,129.8,129.631,129.684,495876
2021-01-14 13:35:00,129.685,129.85,129.67,129.79,467651
2021-01-14 13:40:00,129.797,129.91,129.77,129.83,513352
2021-01-14 13:45:00,129.84,129.9,129.78,129.84,326170
2021-01-14 13:50:00,129.85,129.855,129.62,129.625,527233
2021-01-14 13:55:00,129.63,129.697,129.5,129.53,658459
2021-01-14 14:00:00,129.52,129.684,129.46,129.53,782428
2021-01-14 14:05:00,129.528,129.6,129.48,129.56,551580
2021-01-14 14:10:00,129.555,129.59,129.41,129.52,619176
2021-01-14 14:15:00,129.53,129.74,129.52,129.655,721831
2021-01-14 14:20:00,129.659,129.7,129.47,129.515,567232
2021-01-14 14:25:00,129.51,129.52,129.35,129.472,612772
2021-01-14 14:30:00,129.471,129.51,129.42,129.431,405771
2021-01-14 14:35:00,129.435,129.485,129.37,129.4,430198
2021-01-14 14:40:00,129.4,129.52,129.39,129.45,478912
2021-01-14 14:45:00,129.46,129.48,129.36,129.46,418056
2021-01-14 14:50:00,129.455,129.51,129.29,129.375,688151
2021-01-14 14:55:00,129.379,129.63,129.35,129.625,695399
2021-01-14 15:00:00,129.623,129.73,129.555,129.615,758794
2021-01-14 15:05:00,129.61,129.63,129.51,129.51,416245
2021-01-14 15:10:00,129.511,129.55,129.2,129.3,859753
2021-01-14 15:15:00,129.29,129.35,128.91,128.965,1365447
2021-01-14 15:20:00,128.96,129.28,128.9,129.1,1201717
2021-01-14 15:25:00,129.105,129.18,128.97,129.03,933896
2021-01-14 15:30:00,129.04,129.23,128.94,129.201,1270318
2021-01-14 15:35:00,129.2,129.44,129.16,129.405,881514
2021-01-14 15:40:00,129.409,129.44,129.22,129.365,846662
2021-01-14 15:45:00,129.36,129.4,129.04,129.06,911862
2021-01-14 15:50:00,129.08,129.09,128.76,128.83,1669565
2021-01-14 15:55:00,128.83,129.35,128.81,128.92,3084760
2021-01-14 16:00:00,128.91,129.18,128.91,129.05,8904007
2021-01-14 16:05:00,129.03,129.1,128.91,129.0,43675
2021-01-14 16:10:00,129.05,129.09,128.929,129.04,29834
2021-01-14 16:15:00,129.04,129.18,129.04,129.13,19039
2021-01-14 16:20:00,129.11,129.12,129.09,129.1,8790
2021-01-14 16:25:00,129.1,129.17,129.1,129.16,10735
2021-01-14 16:30:00,129.16,129.18,129.0,129.09,47041
2021-01-14 16:35:00,129.02,129.09,128.91,129.09,38164
2021-01-14 16:40:00,129.07,129.07,129.0,129.0,4230
2021-01-14 16:45:00,129.0,129.03,128.93,128.99,14398
2021-01-14 16:50:00,128.99,129.0,128.96,128.98,6531
2021-01-14 16:55:00,128.98,129.0,128.98,128.98,12416
2021-01-14 17:00:00,128.98,129.09,128.96,129.05,9459
2021-01-14 17:05:00,129.08,129.15,129.08,129.13,14891
2021-01-14 17:10:00,129.12,129.18,129.1,129.17,17115
2021-01-14 17:15:00,129.17,129.25,129.15,129.25,15509
2021-01-14 17:20:00,129.25,129.3,129.25,129.3,14074
2021-01-14 17:25:00,129.3,129.3,129.25,129.25,8782
2021-01-14 17:30:00,129.3,129.3,129.26,129.29,6005
2021-01-14 17:35:00,129.26,129.29,129.25,129.29,5488
2021-01-14 17:40:00,129.27,129.29,129.25,129.28,5882
2021-01-14 17:45:00,129.28,129.3,129.28,129.29,7228
2021-01-14 17:50:00,129.27,129.32,129.26,129.28,5688
2021-01-14 17:55:00,129.32,129.35,129.28,129.34,8447
2021-01-14 18:00:00,129.3,129.34,129.28,129.3,3318
2021-01-14 18:05:00,129.3,129.32,129.28,129.32,4649
2021-01-14 18:10:00,129.3,129.32,129.27,129.27,5779
2021-01-14 18:15:00,129.27,129.29,129.25,129.26,4100
2021-01-14 18:20:00,129.26,129.29,129.26,129.28,4611
2021-01-14 18:25:00,129.28,129.32,129.27,129.32,16925
2021-01-14 18:30:00,129.29,129.32,129.26,129.26,5275
2021-01-14 18:35:00,129.28,129.3,129.26,129.3,6168
2021-01-14 18:40:00,129.31,129.34,129.28,129.28,4826
2021-01-14 18:45:00,129.3,129.34,129.28,129.31,4867
2021-01-14 18:50:00,129.29,129.32,129.27,129.27,5519
2021-01-14 18:55:00,129.3,129.3,129.25,129.29,7177
2021-01-14 19:00:00,129.27,129.27,129.13,129.13,9891
